ivvi_dac14	keithley_1	lockin_1_X	lockin_1_phase	lockin_1_processed	conductance
2000.0	-0.00022446449	8.05859e-05	-2.112	5.092575385984937e-06	0.06572683380420492
1993.3333333333333	-0.000217466784	7.93044e-05	-1.284	5.002274448470332e-06	0.06456137345015296
1986.6666666666667	-0.000235635702	7.91256e-05	-2.316	4.989701985977586e-06	0.06439910817371847
1980.0	-0.000235012295	7.89766e-05	-2.196	4.9792299140183175e-06	0.0642639513854367
1973.3333333333333	-0.000237615175	7.86786e-05	-2.694	4.958299339919919e-06	0.06399381294645001
1966.6666666666667	-0.000218845939	7.74865e-05	-2.88	4.874750548923148e-06	0.06291549852119875
1960.0	-0.000229482722	7.77249e-05	-2.808	4.891435840622824e-06	0.06313084563172704
1953.3333333333333	-0.000237375273	7.8619e-05	-2.46	4.954115394677324e-06	0.06393981326009038
1946.6666666666667	-0.000223986938	7.88872e-05	-2.31	4.9729488426706445e-06	0.06418288534295513
1940.0	-0.000224958372	7.9066e-05	-1.998	4.985512614096114e-06	0.06434503844896676
1933.3333333333333	-0.000234633294	8.25529e-05	-2.574	5.231836414695685e-06	0.06752419286042313
1926.6666666666667	-0.000202451508	8.82749e-05	-3.066	5.641525107160759e-06	0.07281180051670252
1920.0	-0.000179780203	0.000100166	-3.522	6.515348467281002e-06	0.08408971756490487
1913.3333333333333	-0.000133767432	0.000121922	-4.416	8.197283689628735e-06	0.10579745254177397
1906.6666666666667	-0.000140598993	0.00015998	-4.704	1.1428669784844003e-05	0.14750302599718884
1900.0	-0.000131055283	0.000201643	-4.584	1.5463561920010977e-05	0.1995789727796088
1893.3333333333333	-0.000202700417	0.000223518	-4.824	1.782901480938395e-05	0.2301084627031878
1886.6666666666667	-0.000254816038	0.000213237	-4.998	1.6694069666528625e-05	0.21546040251214282
1880.0	-0.000245746502	0.000179798	-4.47	1.3276754599770068e-05	0.17135515469046445
1873.3333333333333	-0.000230846672	0.000143231	-3.66	9.95810676768012e-06	0.12852334603138174
1866.6666666666667	-0.000218845939	0.000115067	-2.646	7.655246894663773e-06	0.09880170684570204
1860.0	-0.000215824638	9.70368e-05	-2.916	6.282397460167786e-06	0.08108315782478012
1853.3333333333333	-0.000211242284	8.77683e-05	-2.766	5.60497526538739e-06	0.07234007350360429
1846.6666666666667	-0.000220804013	8.3745e-05	-2.304	5.316624855964942e-06	0.0686185067125379
1840.0	-0.00022352065	8.24039e-05	-2.1	5.221259460827206e-06	0.06738768242388025
1833.3333333333333	-0.000224040437	8.18078e-05	-2.1	5.178990454503172e-06	0.06684214156426442
1826.6666666666667	-0.000233126317	8.07946e-05	-1.11	5.107313300414178e-06	0.06591704727752476
1820.0	-0.000233003558	8.02581e-05	-1.086	5.069444945523814e-06	0.06542830300185486
1813.3333333333333	-0.000237653491	7.91852e-05	-1.518	4.993892082208516e-06	0.0644531872472167
1806.6666666666667	-0.000235330495	7.99005e-05	-1.794	5.04423685027254e-06	0.06510295714803387
1800.0	-0.000234676115	7.91554e-05	-1.494	4.991796943537628e-06	0.06442614654172274
1793.3333333333333	-0.000248942402	7.84998e-05	-1.59	4.945749672270217e-06	0.06383184186946211
1786.6666666666667	-0.000237885508	7.86786e-05	-2.07	4.958299339919919e-06	0.06399381294645001
1780.0	-0.000230205264	7.8619e-05	-2.172	4.954115394677324e-06	0.06393981326009038
1773.3333333333333	-0.000217314753	7.88276e-05	-2.022	4.9687623663095235e-06	0.064128852988958
1766.6666666666667	-0.000215946297	7.8321e-05	-2.844	4.933206506046795e-06	0.06366995470250643
1760.0	-0.000222735638	7.73673e-05	-2.514	4.866412219065073e-06	0.06280788066986667
1753.3333333333333	-0.000232977653	7.74865e-05	-2.982	4.874750548923148e-06	0.06291549852119875
1746.6666666666667	-0.00022451294	7.68905e-05	-3.018	4.833087638202076e-06	0.06237778017611553
1740.0	-0.000230142754	7.70693e-05	-2.598	4.845578970794848e-06	0.06253899835730882
1733.3333333333333	-0.00023559405	7.75163e-05	-2.178	4.876835580834437e-06	0.06294240878477324
1726.6666666666665	-0.00023790973	7.75759e-05	-2.052	4.881006184155949e-06	0.06299623627491323
1720.0	-0.000240907388	7.70395e-05	-1.92	4.8434966334728666e-06	0.06251212287119175
1713.3333333333333	-0.000226357275	7.75461e-05	-2.4	4.878920792570949e-06	0.06296932136924464
1706.6666666666665	-0.000219659727	7.73375e-05	-2.85	4.864328085931071e-06	0.06278098200627469
1700.0	-0.000221652153	7.77547e-05	-2.706	4.893522311787538e-06	0.06315777447088725
1693.3333333333333	-0.000226144404	7.81124e-05	-2.43	4.918581022461845e-06	0.06348119230705135
1686.6666666666665	-0.000221050709	7.8172e-05	-1.254	4.9227588302504825e-06	0.0635351127809525
1680.0	-0.000215745832	7.85892e-05	-0.936	4.9520236931009e-06	0.06391281691512513
1673.3333333333333	-0.000224802416	8.01985e-05	-1.542	5.065241777591195e-06	0.06537405521969758
1666.6666666666665	-0.000228271986	8.48179e-05	-2.19	5.3931879412057855e-06	0.06960666079917374
1660.0	-0.000218842596	9.44738e-05	-2.25	6.093207898183359e-06	0.07864140096198294
1653.3333333333333	-0.000163268645	0.000115782	-2.73	7.711251440715072e-06	0.09952452412607535
1646.6666666666665	-0.000143088697	0.000156314	-3.066	1.1099917089748464e-05	0.1432600109968228
1640.0	-0.00016466187	0.000198395	-3.168	1.5127814346787212e-05	0.19524567905828757
1633.3333333333333	-0.00018404495	0.000223429	-3.216	1.781900619867189e-05	0.22997928753286181
1626.6666666666665	-0.000238845698	0.000216753	-3.246	1.7077451453410445e-05	0.22040848262486695
1620.0	-0.000209876678	0.000186772	-3.438	1.3957047292674736e-05	0.1801352868192522
1613.3333333333333	-0.000218540819	0.000151039	-3.33	1.0633724222530634e-05	0.13724313765044902
1606.6666666666665	-0.000215029604	0.000122816	-2.748	8.268822071883817e-06	0.10672075578320296
1600.0	-0.000218162974	0.000106216	-2.514	6.9719777439148e-06	0.08998315935037964
1593.3333333333333	-0.000239849907	9.65004e-05	-2.574	6.242683342779088e-06	0.0805705913931724
1586.6666666666665	-0.000218286304	9.04207e-05	-3.192	5.796944357473651e-06	0.07481770410399205
1580.0	-0.000207236725	8.70232e-05	-4.308	5.551317007613303e-06	0.07164753836693326
1573.3333333333333	-0.000208173807	8.75001e-05	-4.686	5.585647361255684e-06	0.0720906197702056
1566.6666666666665	-0.000225278383	8.83644e-05	-3.432	5.6479879525428646e-06	0.07289521260825466
1560.0	-0.000220038266	8.70829e-05	-2.58	5.555611969783688e-06	0.07170297088258049
1553.3333333333333	-0.000211498086	8.60398e-05	-2.796	5.480676956232017e-06	0.07073582934641764
1546.6666666666665	-0.00021446589	8.49371e-05	-3.408	5.401708990153952e-06	0.06971663689684623
1540.0	-0.000224953445	8.46391e-05	-2.874	5.380411936728298e-06	0.06944176852771428
1533.3333333333333	-0.000232105458	8.52649e-05	-3.522	5.425157203384761e-06	0.07001926900284675
1526.6666666666665	-0.000233728459	8.5861e-05	-3.042	5.467855173945676e-06	0.07057034624807662
1520.0	-0.000228611672	8.53841e-05	-1.914	5.433689405042044e-06	0.07012938904188544
1513.3333333333333	-0.00022337096	8.39238e-05	-1.41	5.329367518630958e-06	0.06878296866111841
1506.6666666666665	-0.000218523302	8.25529e-05	-1.596	5.231836414695685e-06	0.06752419286042313
1500.0	-0.000216412593	8.21059e-05	-1.998	5.200119327243434e-06	0.06711483932557617
1493.3333333333333	-0.000210381253	8.35066e-05	-2.874	5.299644985662038e-06	0.06839935765163498
1486.6666666666665	-0.00020586535	8.46391e-05	-2.928	5.380411936728298e-06	0.06944176852771428
1480.0	-0.000220841771	8.54735e-05	-1.944	5.440090510350664e-06	0.0702120042911247
1473.3333333333333	-0.000222745782	8.4043e-05	-0.948	5.337866325179427e-06	0.06889265768940116
1466.6666666666665	-0.00022253629	8.21059e-05	-0.654	5.200119327243434e-06	0.06711483932557617
1460.0	-0.000231640179	8.1331e-05	-1.386	5.145233702895501e-06	0.06640646330041519
1453.3333333333333	-0.000234874352	8.18674e-05	-2.232	5.1832133443641995e-06	0.06689664388559148
1446.6666666666665	-0.000237465406	8.29403e-05	-2.526	5.259358008581919e-06	0.06787939766158632
1440.0	-0.000231208806	8.42814e-05	-2.61	5.354872820684109e-06	0.06911215038590682
1433.3333333333333	-0.000232173482	8.34172e-05	-2.694	5.293280580591845e-06	0.06831721607048874
1426.6666666666665	-0.000236118351	8.18376e-05	-2.028	5.181101807813091e-06	0.06686939154243557
1420.0	-0.000226694593	8.12416e-05	-2.442	5.138909525742137e-06	0.06632484091700357
1413.3333333333333	-0.000230134315	8.22251e-05	-3.3	5.208573177864967e-06	0.06722394813451718
1406.6666666666665	-0.00022772347	8.46987e-05	-3.438	5.38466986262033e-06	0.06949672303820152
1400.0	-0.000231998359	8.70232e-05	-3.162	5.551317007613303e-06	0.07164753836693326
1393.3333333333333	-0.000233129173	8.96459e-05	-2.706	5.740712650512603e-06	0.07409195499321267
1386.6666666666665	-0.000223437917	9.27751e-05	-2.316	5.96860793034486e-06	0.07703326347605224
1380.0	-0.000218467552	9.66494e-05	-2.97	6.253708681889188e-06	0.08071288887065674
1373.3333333333333	-0.00020861073	0.000103742	-2.862	6.7842459947875475e-06	0.08756021760883619
1366.6666666666665	-0.000211971048	0.000115574	-3.48	7.694946559972217e-06	0.09931408675292769
1360.0	-0.000210331717	0.000127734	-3.978	8.66593224243813e-06	0.11184601995775278
1353.3333333333333	-0.000206891431	0.00013888	-3.636	9.588889131234986e-06	0.12375807416226102
1346.6666666666665	-0.000199288337	0.000138105	-3.474	9.523658778452108e-06	0.12291618489575178
1340.0	-0.000219954269	0.000131131	-3.564	8.94380520609617e-06	0.11543236060403887
1333.3333333333333	-0.00022054614	0.000121296	-4.224	8.147308447107786e-06	0.10515245188679319
1326.6666666666665	-0.000210325523	0.000112981	-4.746	7.492552677291804e-06	0.09670190959664385
1320.0	-0.000212181666	0.000106961	-4.338	7.0287847791892554e-06	0.0907163338806319
1313.3333333333333	-0.000222748058	0.000100524	-3.63	6.542138629048656e-06	0.08443548220786651
1306.6666666666665	-0.000221999631	9.6113e-05	-2.658	6.214040326231696e-06	0.08020091305842597
1300.0	-0.000211977184	9.31923e-05	-2.394	5.99915156632334e-06	0.07742747197245636
1293.3333333333333	-0.000205245216	9.10168e-05	-2.604	5.840294304378707e-06	0.07537719601912228
1286.6666666666665	-0.000207502884	8.97949e-05	-3.174	5.751516470844087e-06	0.07423139345991307
1280.0	-0.000221182362	9.03313e-05	-3.312	5.7904495270472656e-06	0.07473387920054608
1273.3333333333333	-0.000220037478	9.01823e-05	-2.478	5.7796286135716e-06	0.07459422012282638
1266.6666666666665	-0.000233011329	8.86922e-05	-1.458	5.671673103265986e-06	0.0732009027251826
1260.0	-0.00021687539	8.67848e-05	-2.256	5.534173434670148e-06	0.07142627649366852
1253.3333333333333	-0.000209500941	8.50265e-05	-2.562	5.408101727100378e-06	0.06979914414062471
1246.6666666666665	-0.000206185113	8.44304e-05	-2.496	5.365507898958034e-06	0.06924941099949121
1240.0	-0.000209053236	8.49669e-05	-2.58	5.403839716692249e-06	0.0697441369137238
1233.3333333333333	-0.000227726729	8.56821e-05	-2.172	5.455032940268853e-06	0.0704048573239078
1226.6666666666665	-0.00022121953	8.61888e-05	-1.296	5.49136690735842e-06	0.07087379817118827
1220.0	-0.000225963506	8.46391e-05	-1.89	5.380411936728298e-06	0.06944176852771428
1213.3333333333333	-0.000217935802	8.31191e-05	-1.932	5.272070774714639e-06	0.06804347375343889
1206.6666666666665	-0.000216772334	8.25529e-05	-2.742	5.231836414695685e-06	0.06752419286042313
1200.0	-0.000207873437	8.20761e-05	-2.886	5.198006323288086e-06	0.06708756804350875
1193.3333333333333	-0.000235363703	8.18674e-05	-3.006	5.1832133443641995e-06	0.06689664388559148
1186.6666666666665	-0.000218509776	8.25827e-05	-2.94	5.233952356818447e-06	0.06755150206366532
1180.0	-0.000222760436	8.29701e-05	-3.312	5.2614763424805424e-06	0.06790673773405334
1173.3333333333333	-0.000212349474	8.15396e-05	-2.658	5.1599965166331235e-06	0.06659699813426086
1166.6666666666665	-0.000211821802	8.07052e-05	-2.97	5.100998982949442e-06	0.06583555214723491
1160.0	-0.000223414816	8.02283e-05	-2.472	5.067343270577997e-06	0.06540117793655796
1153.3333333333333	-0.000224601374	8.1033e-05	-1.542	5.124159508048216e-06	0.06613447123406367
1146.6666666666665	-0.000215265467	8.12416e-05	-1.656	5.138909525742137e-06	0.06632484091700357
1140.0	-0.000209454881	8.13906e-05	-2.1	5.149450735139463e-06	0.06646089002097169
1133.3333333333333	-0.000211807724	8.16886e-05	-1.494	5.1705468731983836e-06	0.06673316529527105
1126.6666666666665	-0.000212063394	8.17184e-05	-2.268	5.172657493782033e-06	0.06676040581658116
1120.0	-0.00021123331	8.40728e-05	-2.634	5.339991489300969e-06	0.06892008591548254
1113.3333333333333	-0.000205332057	9.32817e-05	-3.06	6.0057015410942124e-06	0.07751200859107404
1106.6666666666665	-0.000187812448	0.000109196	-3.372	7.199976064241578e-06	0.09292579771543895
1100.0	-0.000148742763	0.000130714	-3.894	8.909535452640298e-06	0.11499006133123792
1093.3333333333333	-0.000180484199	0.00015387	-4.086	1.0882927032592604e-05	0.1404594497202832
1086.6666666666665	-0.000202251143	0.000164957	-4.038	1.1881378359137434e-05	0.1533458656154713
1080.0	-0.000238907768	0.000157923	-3.816	1.124371995783755e-05	0.1451159888655984
1073.3333333333333	-0.000195974284	0.000142724	-3.72	9.914819464852328e-06	0.12796466262600212
1066.6666666666665	-0.000202946653	0.00012684	-3.39	8.593292438305153e-06	0.11090850132092366
1060.0	-0.000203446168	0.000115961	-2.64	7.725291365308523e-06	0.09970572906079597
1053.3333333333333	-0.000228038959	0.000106723	-2.484	7.010623126965935e-06	0.09048193226517871
1046.6666666666665	-0.000220821057	9.99873e-05	-2.58	6.50198657064712e-06	0.08391726353275031
1040.0	-0.000222656365	9.63216e-05	-2.478	6.22945938698981e-06	0.08039991768124502
1033.3333333333333	-0.000220262411	9.50997e-05	-2.37	6.139276242369838e-06	0.07923597760984417
1026.6666666666665	-0.00021689308	9.34605e-05	-2.94	6.0188066946508125e-06	0.07768114899342603
1020.0	-0.000214427607	9.29837e-05	-2.454	5.983875033042328e-06	0.07723030686679513
1013.3333333333333	-0.000212253282	9.18214e-05	-2.562	5.898928017235351e-06	0.07613394638768001
1006.6666666666666	-0.000209141874	8.89008e-05	-2.064	5.686757366707927e-06	0.07339558631868145
1000.0	-0.000203025494	8.77087e-05	-2.274	5.60067885971216e-06	0.07228462235750081
993.3333333333333	-0.000218132575	8.75001e-05	-2.604	5.585647361255684e-06	0.0720906197702056
986.6666666666666	-0.000223158132	8.68444e-05	-2.562	5.538458203860771e-06	0.07148157745460401
980.0	-0.000225472118	8.68444e-05	-2.04	5.538458203860771e-06	0.07148157745460401
973.3333333333333	-0.000227194796	8.82749e-05	-3.024	5.641525107160759e-06	0.07281180051670252
966.6666666666665	-0.000231902736	8.9169e-05	-2.844	5.706165029860376e-06	0.07364606945420057
960.0	-0.000238521447	8.91094e-05	-3.054	5.701850891804476e-06	0.07359038944683359
953.3333333333333	-0.000222914851	8.72617e-05	-3.36	5.568479776360677e-06	0.07186904798899663
946.6666666666665	-0.000219880595	8.68742e-05	-3.126	5.540600869405954e-06	0.07150923156112422
940.0	-0.00022079121	8.74107e-05	-2.64	5.579208108725897e-06	0.07200751217752993
933.3333333333333	-0.000213157139	8.70232e-05	-2.592	5.551317007613303e-06	0.07164753836693326
926.6666666666665	-0.000206782836	8.65464e-05	-2.112	5.517041846303519e-06	0.07120516929818657
920.0	-0.000222661996	8.75597e-05	-2.358	5.589941135482438e-06	0.07214603695377274
913.3333333333333	-0.000224390306	8.75299e-05	-2.058	5.587794154431933e-06	0.07211832714959868
906.6666666666665	-0.000218500313	8.82153e-05	-2.388	5.637222300744899e-06	0.07275626676005649
900.0	-0.000208954345	8.84836e-05	-2.76	5.656598092956592e-06	0.0730063385563479
893.3333333333333	-0.000219923394	8.83047e-05	-2.586	5.6436767930945135e-06	0.07283957104399917
886.6666666666665	-0.000216109738	8.81557e-05	-2.412	5.632920248099481e-06	0.07270074273187606
880.0	-0.000217687112	8.86922e-05	-3.354	5.671673103265986e-06	0.0732009027251826
873.3333333333333	-0.000210173544	8.84538e-05	-3.114	5.654445274916575e-06	0.0729785534176308
866.6666666666665	-0.000215615269	8.94372e-05	-2.976	5.725588021233785e-06	0.0738967504219274
860.0	-0.000222816276	8.88412e-05	-2.892	5.68244663245917e-06	0.07333995024222358
853.3333333333333	-0.000222803323	8.89008e-05	-2.646	5.686757366707927e-06	0.07339558631868145
846.6666666666665	-0.000227421722	8.98545e-05	-2.31	5.755839327130315e-06	0.07428718598828021
840.0	-0.000227431859	9.1583e-05	-2.13	5.88154053588223e-06	0.0759095365340104
833.3333333333333	-0.000193383208	9.62322e-05	-1.878	6.222850046561497e-06	0.08031461486548648
826.6666666666665	-0.000198345691	0.000109435	-2.274	7.2183511340071585e-06	0.09316295378384919
820.0	-0.000216769727	0.00012374	-2.94	8.342969522878542e-06	0.10767773271906686
813.3333333333333	-0.000194991003	0.000136525	-3.348	9.391168512880401e-06	0.12120621204196311
806.6666666666665	-0.000189484516	0.000137628	-3.834	9.48359021286444e-06	0.12239904381259739
800.0	-0.000203250733	0.000126452	-3.402	8.561829378135934e-06	0.11050242636474232
