time	field_x	field_y	field_z	keithley_1	lockin_1_X	lockin_1_phase	lockin_1_processed	conductance
0.0	0.26125	-1.57828	1e-05	-0.00030788337	0.000226975	-5.49	4.214028092505364e-05	0.5438794776501518
0.816918134689331	0.26126	-1.57824	-0.0	-0.000311541071	0.000228168	-4.2	4.257868401399374e-05	0.5495376848993396
1.7198278903961182	0.26122	-1.5781	-0.0	-0.000318448216	0.000224442	-4.512	4.1224106892525996e-05	0.532054965726893
2.59574031829834	0.2612	-1.57797	-1e-05	-0.000288209394	0.000226975	-3.588	4.214028092505364e-05	0.5438794776501518
3.463653564453125	0.26119	-1.57786	-0.0	-0.00031917522	0.000227065	-4.902	4.217319824835427e-05	0.5443043219133931
4.334566354751587	0.26115	-1.57773	-2e-05	-0.000292257912	0.000227244	-4.086	4.22387424362961e-05	0.545150261663159
5.238476037979126	0.26112	-1.5776	-2e-05	-0.000281816929	0.000229151	-5.418	4.294330442886169e-05	0.5542436231708869
6.108389139175415	0.26111	-1.57747	-1e-05	-0.000324953759	0.000226111	-4.23	4.1825557223629875e-05	0.5398175265056184
6.9763023853302	0.26109	-1.57734	-2e-05	-0.000314014398	0.000224174	-4.692	4.1128318278076715e-05	0.530818679198947
7.852214574813843	0.26107	-1.57722	1e-05	-0.000313783901	0.000219674	-3.888	3.9551684550432305e-05	0.5104700078229324
8.75012469291687	0.26104	-1.57709	0.0	-0.00029883766	0.000220836	-4.956	3.9953151582442374e-05	0.5156515034102951
9.619037866592407	0.26102	-1.57698	-2e-05	-0.000287958563	0.000221313	-3.96	4.0119079646950385e-05	0.5177930379959952
10.489950895309448	0.261	-1.57684	-0.0	-0.000275317344	0.000225098	-4.356	4.1459492318404127e-05	0.5350929450583727
11.373862266540527	0.26098	-1.5767	-4e-05	-0.000271944024	0.000221104	-4.434	4.00462962468619e-05	0.5168536660517946
12.261773586273193	0.26097	-1.57659	0.0	-0.00025430421	0.000225485	-4.566	4.159896992615253e-05	0.5368930993710838
13.131686687469482	0.26094	-1.57644	-0.0	-0.000291145466	0.000221492	-4.488	4.018151658663861e-05	0.518598874345404
13.892610549926758	0.26092	-1.57634	0.0	-0.000323771491	0.000221671	-5.274	4.024404686147829e-05	0.5194059153159568
14.669532775878906	0.2609	-1.57623	1e-05	-0.000258760473	0.000222624	-3.732	4.057853933950081e-05	0.5237230102719289
15.559443950653076	0.26088	-1.5761	-1e-05	-0.000263689792	0.000220985	-5.076	4.000491157671454e-05	0.5163195387918814
16.428356885910034	0.26085	-1.57596	1e-05	-0.00027421635	0.000222982	-3.732	4.070488503264527e-05	0.5253536787934076
17.29727005958557	0.26083	-1.57585	-1e-05	-0.00027702088	0.000223191	-5.208	4.077882125602297e-05	0.5263079295403735
18.077191829681396	0.26082	-1.57573	2e-05	-0.000306983136	0.000221909	-3.894	4.0327332585296e-05	0.5204808344899949
18.854114294052124	0.2608	-1.57562	-1e-05	-0.000317223046	0.000220717	-4.278	3.99118591404762e-05	0.5151185664845209
19.724027395248413	0.26078	-1.5755	0.0	-0.000297400432	0.000221909	-4.518	4.0327332585296e-05	0.5204808344899949
20.59294056892395	0.26077	-1.57537	2e-05	-0.00027623467	0.000219763	-4.764	3.958229706564311e-05	0.5108651053025154
21.37586212158203	0.26074	-1.57525	2e-05	-0.000276802334	0.000223191	-4.692	4.077882125602297e-05	0.5263079295403735
22.262773513793945	0.26071	-1.57512	-0.0	-0.000286147947	0.00022021	-3.96	3.9736389590492036e-05	0.5128538856353679
23.131686687469482	0.2607	-1.575	1e-05	-0.000306096302	0.000222952	-4.746	4.069428282590805e-05	0.5252168424331461
23.89361023902893	0.26067	-1.57489	2e-05	-0.000291122475	0.000222326	-4.206	4.047365777559256e-05	0.5223693664674417
24.67153239250183	0.26065	-1.57477	0.0	-0.000251672644	0.000220717	-4.77	3.99118591404762e-05	0.5151185664845209
25.560518980026245	0.26063	-1.57465	-1e-05	-0.000247323893	0.000220419	-3.408	3.9808633652924946e-05	0.513786296670055
26.429518699645996	0.2606	-1.57452	2e-05	-0.000275305555	0.000221551	-4.182	4.0202116801923824e-05	0.5188647490401819
27.1885187625885	0.26059	-1.57441	2e-05	-0.000288732946	0.000224591	-4.65	4.127745637777331e-05	0.5327435157206821
28.078518629074097	0.26057	-1.57428	-2e-05	-0.000243770319	0.000222505	-4.866	4.0536625690588865e-05	0.5231820557985312
28.9625186920166	0.26054	-1.57416	-2e-05	-0.000273679104	0.000224859	-4.056	4.137358317959374e-05	0.5339841670313664
29.72351884841919	0.26053	-1.57405	-1e-05	-0.000264789647	0.000221879	-4.17	4.031682525890524e-05	0.520345222693788
30.482518672943115	0.26051	-1.57393	-1e-05	-0.000275883306	0.000223191	-4.044	4.077882125602297e-05	0.5263079295403735
31.373518705368042	0.26048	-1.57381	2e-05	-0.000258988551	0.000220151	-3.498	3.9716018012196956e-05	0.5125909618218855
32.15051865577698	0.26047	-1.57369	1e-05	-0.000285552174	0.000218631	-5.052	3.919460787749863e-05	0.5058614321301974
33.02051877975464	0.26044	-1.57356	-0.0	-0.000319133333	0.000221939	-4.728	4.0337842547109884e-05	0.5206164803000365
33.88951873779297	0.26042	-1.57343	1e-05	-0.000268680523	0.000221641	-5.184	4.023356040769652e-05	0.5192705729100678
34.66951870918274	0.26041	-1.57332	2e-05	-0.000281248532	0.000221939	-4.044	4.0337842547109884e-05	0.5206164803000365
35.44551873207092	0.26038	-1.57321	0.0	-0.000272470017	0.00022024	-3.798	3.974675184677007e-05	0.5129876250981351
36.31451869010925	0.26037	-1.57308	1e-05	-0.000296177301	0.000221134	-4.422	4.0056735833595835e-05	0.5169884035726439
37.07651877403259	0.26034	-1.57297	0.0	-0.000292127628	0.000220866	-4.176	3.996356789673343e-05	0.5157859405676016
37.84951877593994	0.26033	-1.57286	1e-05	-0.000260041225	0.000217826	-4.314	3.89211048313594e-05	0.5023314914035449
38.63551902770996	0.26031	-1.57275	-0.0	-0.000270144329	0.000222684	-4.41	4.059968813432308e-05	0.5239959651556735
39.50451874732971	0.26028	-1.57262	2e-05	-0.000251537559	0.000216574	-4.386	3.84993086473093e-05	0.4968876195730748
40.2655189037323	0.26027	-1.57251	-2e-05	-0.00025414898	0.000219644	-4.77	3.954137080945374e-05	0.5103368945182057
41.03151893615723	0.26025	-1.5724	-1e-05	-0.000279236666	0.000219167	-4.518	3.93777259053101e-05	0.5082248273218801
41.8205189704895	0.26023	-1.57229	0.0	-0.000270025071	0.000213505	-4.38	3.748340903479679e-05	0.48377600905531476
42.58251881599426	0.2602	-1.57217	1e-05	-0.000245532715	0.00021878	-4.758	3.9245430678152444e-05	0.5065173717126003
43.3445188999176	0.26018	-1.57207	-2e-05	-0.000260439991	0.000216813	-4.02	3.857949343381941e-05	0.49792251679837257
44.10551881790161	0.26016	-1.57195	-1e-05	-0.000249844156	0.000214041	-4.062	3.765901695148177e-05	0.48604247572096704
45.00851893424988	0.26015	-1.57182	-0.0	-0.000249062491	0.00021723	-4.29	3.871977368224608e-05	0.4997330303157035
45.77051877975464	0.26012	-1.57171	-1e-05	-0.000255581748	0.000215889	-4.236	3.827035612387232e-05	0.4939326658774634
46.53151893615723	0.26012	-1.5716	-2e-05	-0.000290936884	0.000213862	-4.95	3.760028710885735e-05	0.48528448466281887
47.29351878166199	0.26009	-1.57149	1e-05	-0.000282784591	0.000216992	-4.254	3.8639650959665946e-05	0.4986989341125411
48.07951903343201	0.26008	-1.57138	2e-05	-0.00026351386	0.000213177	-4.068	3.737632188685656e-05	0.4823938990929165
48.9605188369751	0.26004	-1.57125	2e-05	-0.000271057378	0.000217737	-4.908	3.889097766142298e-05	0.5019426579860069
49.721518754959106	0.26004	-1.57114	1e-05	-0.000290316298	0.000214369	-4.302	3.77668547338935e-05	0.4874342736748857
50.59251880645752	0.26001	-1.571	1e-05	-0.000259569479	0.000211091	-5.118	3.670184822058475e-05	0.4736888696709935
51.376518964767456	0.25999	-1.57089	1e-05	-0.000292905126	0.000214607	-4.158	3.784528251391798e-05	0.4884464942651764
52.15151882171631	0.25997	-1.57078	0.0	-0.000261333857	0.000209362	-4.044	3.615127481438535e-05	0.46658294702409997
53.02151870727539	0.25994	-1.57066	-0.0	-0.00025831827	0.000214518	-4.428	3.7815936760795754e-05	0.48806774612850035
53.89051866531372	0.25993	-1.57053	0.0	-0.000287604818	0.000206829	-4.404	3.535819684438958e-05	0.45634716257775804
54.67651891708374	0.2599	-1.57041	0.0	-0.000246589909	0.000210286	-4.938	3.644456423140029e-05	0.4703682586410324
55.45151901245117	0.25989	-1.5703	0.0	-0.000259369261	0.000211568	-4.614	3.68550840357769e-05	0.47566659296316194
56.43151903152466	0.25987	-1.57016	-1e-05	-0.000260428002	0.00020975	-4.434	3.627416840701416e-05	0.46816906134271075
57.30351901054382	0.25985	-1.57004	1e-05	-0.000245279002	0.000207544	-4.632	3.558045736322749e-05	0.45921574656045155
58.09251880645752	0.25981	-1.56992	-2e-05	-0.000295327863	0.000209094	-4.86	3.606661046566449e-05	0.46549023476051093
58.9695188999176	0.2598	-1.56979	-1e-05	-0.000259084058	0.000206233	-3.858	3.517388072200521e-05	0.4539683042938467
59.840518951416016	0.25978	-1.56967	-0.0	-0.00025103088	0.000206799	-4.686	3.534889854245304e-05	0.4562271549392406
60.601518869400024	0.25976	-1.56955	2e-05	-0.000229827933	0.000205726	-3.894	3.501776537660462e-05	0.45195341662234173
61.619518995285034	0.25973	-1.56941	-0.0	-0.000219392029	0.000206203	-4.308	3.516462584472235e-05	0.4538488571114402
62.489518880844116	0.25971	-1.56928	-1e-05	-0.000235787848	0.000203998	-4.476	3.449030436523451e-05	0.4451457918735889
63.358518838882446	0.25969	-1.56916	1e-05	-0.000249411784	0.00020519	-4.638	3.485339287388196e-05	0.4498319587450238
64.2325189113617	0.25967	-1.56903	0.0	-0.000257060613	0.000201345	-4.542	3.369414820279457e-05	0.43487027903289627
65.02551889419556	0.25965	-1.56891	-0.0	-0.000256993034	0.000203074	-4.662	3.42111574747637e-05	0.4415430094135729
66.00351881980896	0.25963	-1.56878	-1e-05	-0.000249344084	0.000197382	-4.5	3.253469516486887e-05	0.4199059100542357
66.98151874542236	0.25959	-1.56863	1e-05	-0.000248620988	0.000201047	-3.762	3.360573401808338e-05	0.4337291698722073
67.86951875686646	0.25958	-1.56851	1e-05	-0.000267622445	0.000200392	-4.056	3.3412111044169687e-05	0.43123019360528253
68.7565188407898	0.25956	-1.56837	1e-05	-0.00023628546	0.000198008	-4.182	3.271552117391406e-05	0.42223972352643274
69.62551879882812	0.25953	-1.56824	-0.0	-0.000233261297	0.000199051	-5.364	3.3018720021077105e-05	0.4261529302492936
70.49551892280579	0.25952	-1.56812	-1e-05	-0.000233079385	0.000195564	-4.764	3.201438113529803e-05	0.4131905271378207
71.39351868629456	0.25951	-1.56799	-1e-05	-0.000236191963	0.000198514	-3.738	3.2862314018024784e-05	0.42413429123279694
72.38051891326904	0.25948	-1.56785	1e-05	-0.000244015363	0.000196309	-4.416	3.222673729428374e-05	0.41593128145387165
73.24951887130737	0.25945	-1.56772	-1e-05	-0.000232472276	0.000195236	-3.75	3.192126466778708e-05	0.41198872841700646
74.11951899528503	0.25942	-1.5676	-0.0	-0.000237011334	0.000195296	-5.028	3.19382809973713e-05	0.4122083480361126
75.02551889419556	0.2594	-1.56747	0.0	-0.000244567233	0.000193686	-4.74	3.148432219207377e-05	0.406349372431773
75.89451885223389	0.25938	-1.56734	-0.0	-0.00026747485	0.000195176	-5.07	3.1904256015302536e-05	0.41176920788164795
76.76351881027222	0.25935	-1.56721	0.0	-0.000234760965	0.000191898	-4.014	3.098653641923942e-05	0.39992474829145647
77.7585186958313	0.25933	-1.56707	-0.0	-0.000238674807	0.000192137	-3.822	3.105269177293285e-05	0.4007785759931401
78.5415186882019	0.25931	-1.56694	-1e-05	-0.000257923527	0.00018856	-4.308	3.0074700040469756e-05	0.388156219878709
79.30151891708374	0.2593	-1.56683	-0.0	-0.000237410486	0.000189216	-4.188	3.0252131225776845e-05	0.39044621838525184
80.1715190410614	0.25927	-1.56672	-1e-05	-0.000209490741	0.000189037	-4.302	3.0203631447155955e-05	0.38982026066301
81.05251884460449	0.25925	-1.5666	1e-05	-0.000221289965	0.000190706	-4.02	3.065833585491737e-05	0.3956888593137482
81.83451867103577	0.25922	-1.56647	-1e-05	-0.00022609314	0.00018862	-3.9	3.009089301312912e-05	0.38836521292095383
82.81251883506775	0.2592	-1.56633	-1e-05	-0.000196990905	0.000187487	-4.422	2.9786314600190106e-05	0.3844342009652576
83.68351888656616	0.25919	-1.5662	1e-05	-0.000226384958	0.00018561	-4.5	2.928724253782241e-05	0.3779929754529486
84.57551884651184	0.25916	-1.56608	-2e-05	-0.000237079896	0.000189395	-4.686	3.0300694894663958e-05	0.39107300070106205
85.3505187034607	0.25914	-1.56595	1e-05	-0.000242377089	0.000182361	-4.596	2.8439255253943812e-05	0.36704850923474486
86.21851873397827	0.25913	-1.56584	-1e-05	-0.000249044323	0.000183226	-4.476	2.866308326081602e-05	0.36993732385080397
87.08851885795593	0.25911	-1.56571	0.0	-0.000220369979	0.00018099	-3.702	2.8087325666822706e-05	0.36250636390938556
87.9845187664032	0.25907	-1.56558	-0.0	-0.000211599809	0.000180961	-4.206	2.8079918690995727e-05	0.3624107664891664
88.86551880836487	0.25906	-1.56546	2e-05	-0.000190572043	0.000180961	-4.878	2.8079918690995727e-05	0.3624107664891664
89.73351883888245	0.25904	-1.56532	-1e-05	-0.00023905997	0.00018251	-4.722	2.847771152809124e-05	0.36754484143368943
90.60151886940002	0.25902	-1.56521	-1e-05	-0.000226523515	0.000178994	-4.656	2.758107532557988e-05	0.3559724926320429
91.50451874732971	0.25899	-1.56507	2e-05	-0.000228441632	0.000177086	-3.846	2.710379532840266e-05	0.34981252431053883
92.3755190372467	0.25896	-1.56494	-0.0	-0.000241077215	0.000174046	-4.068	2.6356454570127585e-05	0.3401670427827766
93.35551881790161	0.25895	-1.5648	-1e-05	-0.000198552544	0.000169457	-4.278	2.5257819148346883e-05	0.32598761051015507
94.23551893234253	0.25892	-1.56467	-1e-05	-0.000219482882	0.000170351	-4.44	2.546912889028869e-05	0.32871485934539885
95.1315188407898	0.25891	-1.56455	1e-05	-0.00021230766	0.000171662	-4.356	2.5781362794102746e-05	0.33274467615685005
96.00251865386963	0.25888	-1.56442	-0.0	-0.000210219351	0.000172527	-4.038	2.5988928391016268e-05	0.3354236015448474
96.87151885032654	0.25886	-1.56429	-1e-05	-0.000210451372	0.000169457	-4.404	2.5257819148346883e-05	0.32598761051015507
97.7585186958313	0.25884	-1.56417	-1e-05	-0.000225139099	0.000171662	-4.392	2.5781362794102746e-05	0.33274467615685005
98.64651870727539	0.2588	-1.56403	1e-05	-0.000179934423	0.000170411	-4.926	2.5483357285959834e-05	0.32889849676393396
99.5155189037323	0.25879	-1.56391	-1e-05	-0.000204980868	0.000169785	-3.894	2.5335196059900442e-05	0.3269862681677245
100.38551878929138	0.25877	-1.56378	1e-05	-0.000211754542	0.000166626	-4.932	2.4597134503383026e-05	0.31746054776386035
101.2825186252594	0.25874	-1.56365	-1e-05	-0.000207277437	0.000166596	-4.656	2.459020125472055e-05	0.31737106445767
102.16051888465881	0.25874	-1.56352	1e-05	-0.000200555584	0.000164659	-4.656	2.414551430708911e-05	0.31163175519141784
103.0305187702179	0.25871	-1.5634	0.0	-0.00017411043	0.000164569	-3.66	2.412499375990764e-05	0.3113669087253489
104.01151895523071	0.25868	-1.56326	-1e-05	-0.000193897567	0.000167848	-4.506	2.488075432959814e-05	0.32112105973831645
104.91351890563965	0.25866	-1.56313	-1e-05	-0.000177488818	0.000164063	-3.864	2.4009854129656363e-05	0.3098808701754572
105.67451882362366	0.25864	-1.56301	-1e-05	-0.000185998142	0.000165106	-4.572	2.4247617892992604e-05	0.31294954529030594
106.54451894760132	0.25862	-1.56288	0.0	-0.00020245476	0.000161261	-4.356	2.3379295693715892e-05	0.3017426284447689
107.41851878166199	0.2586	-1.56277	-0.0	-0.000200342353	0.000160069	-4.146	2.311460791391552e-05	0.2983264611042086
108.2105188369751	0.25857	-1.56265	-1e-05	-0.000187415612	0.000160069	-3.702	2.311460791391552e-05	0.2983264611042086
109.1885187625885	0.25855	-1.56251	1e-05	-0.000171524969	0.00016147	-4.044	2.342592183411846e-05	0.3023444042357773
110.05751872062683	0.25853	-1.56238	-1e-05	-0.000184950668	0.000158072	-4.236	2.2675832863883978e-05	0.2926634531750138
110.82851886749268	0.25851	-1.56227	3e-05	-0.000179237531	0.000159145	-4.878	2.2910868019540268e-05	0.2956969117776062
111.61551904678345	0.25848	-1.56215	0.0	-0.000190838604	0.000157387	-4.224	2.2526655478324095e-05	0.2907381096140674
112.48551869392395	0.25846	-1.56202	2e-05	-0.000202635093	0.000156344	-3.822	2.2300801532135362e-05	0.2878231474073175
113.35551881790161	0.25844	-1.5619	-1e-05	-0.000160756901	0.000154556	-3.792	2.191719835280292e-05	0.2828722099142495
114.23751878738403	0.25843	-1.56177	-0.0	-0.000179784349	0.000151963	-4.074	2.1368770352599557e-05	0.27579397674324124
115.12951874732971	0.2584	-1.56164	0.0	-0.000169610881	0.000153483	-4.326	2.1689134168678248e-05	0.2799287214844254
116.00051879882812	0.25838	-1.56151	1e-05	-0.000179836151	0.000154913	-4.128	2.199343236786428e-05	0.2838561168883033
116.76151871681213	0.25836	-1.56139	1e-05	-0.000182347276	0.000150681	-4.146	2.1101007298163728e-05	0.27233811866674734
117.64851880073547	0.25835	-1.56127	1e-05	-0.000194194453	0.00015089	-4.86	2.1144508813320462e-05	0.2728995667829218
118.53751873970032	0.25833	-1.56114	-2e-05	-0.000201017128	0.00014794	-4.506	2.0535865552587163e-05	0.2650441711506135
119.40651869773865	0.2583	-1.56102	-2e-05	-0.000195758913	0.000149281	-5.016	2.081111294134036e-05	0.26859662506723314
120.27651882171631	0.25828	-1.5609	-1e-05	-0.000181388296	0.000147135	-3.984	2.0371764190272188e-05	0.2629262127208565
121.16951870918274	0.25826	-1.56076	2e-05	-0.000179333341	0.000147224	-3.252	2.0389865694528257e-05	0.2631598380423626
121.94251871109009	0.25825	-1.56065	1e-05	-0.000170936075	0.000145973	-4.398	2.0136365743269097e-05	0.2598880653334815
122.81051874160767	0.25821	-1.56052	0.0	-0.000170882498	0.000151039	-4.968	2.1175557656706707e-05	0.2733002956900828
123.68051886558533	0.25819	-1.5604	1e-05	-0.000161083517	0.000145883	-4.026	2.0118205908572947e-05	0.25965368717576776
124.69351887702942	0.25817	-1.56026	-1e-05	-0.00016464606	0.000146897	-3.924	2.0323408289173014e-05	0.26230211193999325
125.56651878356934	0.25814	-1.56013	1e-05	-0.000151836531	0.000145764	-4.752	2.0094210483086246e-05	0.25934399252748314
126.43551898002625	0.25813	-1.55999	-3e-05	-0.000170765999	0.000143767	-3.15	1.969421556604793e-05	0.2541814966502386
127.30851888656616	0.25811	-1.55987	-0.0	-0.000144536299	0.000140012	-3.816	1.8955568079353005e-05	0.24464821399496353
128.21151900291443	0.25809	-1.55974	-0.0	-0.000182603027	0.000140459	-3.414	1.9042590625986302e-05	0.24577136211281495
129.08051896095276	0.25805	-1.55961	1e-05	-0.000175400785	0.000141353	-4.728	1.9217365524898214e-05	0.24802707751479877
130.05851864814758	0.25804	-1.55947	4e-05	-0.000160591954	0.000136972	-4.134	1.8370102754667136e-05	0.23709196216221612
130.9425187110901	0.25802	-1.55934	1e-05	-0.000161258252	0.000140787	-3.468	1.9106600568001122e-05	0.2465975002652718
131.82951879501343	0.258	-1.55922	1e-05	-0.000146264696	0.000138135	-5.058	1.8592780271250647e-05	0.23996592808615638
132.6995189189911	0.25798	-1.55909	1e-05	-0.000164605114	0.000139714	-3.576	1.889768750834705e-05	0.24390118397917415
133.56851887702942	0.25794	-1.55896	0.0	-0.000174764513	0.000138075	-4.476	1.8581252958925688e-05	0.23981715193971445
134.4665186405182	0.25792	-1.55883	2e-05	-0.000143843681	0.000138254	-3.228	1.8615655447782242e-05	0.2402611643491819
135.45451879501343	0.25791	-1.55869	2e-05	-0.000174244629	0.00013739	-5.334	1.844995230147126e-05	0.2381225326485322
136.32351899147034	0.25788	-1.55856	0.0	-0.000171217085	0.000133068	-4.512	1.7634155165451076e-05	0.2275935254737519
137.19351887702942	0.25786	-1.55843	0.0	-0.00017354969	0.000135363	-4.494	1.8064651640332574e-05	0.23314968676999942
138.09951901435852	0.25782	-1.55831	0.0	-0.00018479323	0.000137092	-3.912	1.8393004989952206e-05	0.23738754765643763
138.96851897239685	0.25781	-1.55818	2e-05	-0.000165395207	0.000137419	-2.778	1.8455499751633944e-05	0.23819413027983743
139.83851861953735	0.25779	-1.55804	0.0	-0.000168463299	0.000136406	-4.554	1.826230872997074e-05	0.23570072896303665
140.83051872253418	0.25777	-1.55791	-1e-05	-0.000153420731	0.000133158	-4.698	1.7650923887948925e-05	0.2278099493758424
141.7235188484192	0.25774	-1.55778	2e-05	-0.000180227675	0.000135333	-5.094	1.8058985115883303e-05	0.23307655231788119
142.59251880645752	0.25772	-1.55765	-1e-05	-0.000167089211	0.000132502	-5.04	1.7528909026033075e-05	0.2262351763105567
143.4625186920166	0.2577	-1.55753	-0.0	-0.000139299597	0.000132204	-3.63	1.747364228904297e-05	0.22552188149178065
144.3575189113617	0.25768	-1.55739	-2e-05	-0.000132119312	0.000130058	-4.482	1.707858539182171e-05	0.22042311769177367
145.23951888084412	0.25767	-1.55727	1e-05	-0.000135219455	0.000130505	-3.636	1.7160450746688965e-05	0.22147970501073422
146.21751880645752	0.25764	-1.55712	-1e-05	-0.000143120572	0.000131697	-4.572	1.7379844399296715e-05	0.2243112880605074
147.08651876449585	0.25761	-1.55699	2e-05	-0.000148973488	0.000129403	-3.93	1.6959024564965518e-05	0.21888001739366186
147.9915189743042	0.25759	-1.55687	-1e-05	-0.000157771723	0.000133813	-4.794	1.777324067206607e-05	0.22938861917094405
148.86151885986328	0.25757	-1.55674	-1e-05	-0.000152941505	0.000131161	-4.668	1.7280994763794304e-05	0.22303549475911544
149.7305188179016	0.25755	-1.55661	-1e-05	-0.000131546518	0.000132532	-3.702	1.7534478344692647e-05	0.22630705618551109
150.60851883888245	0.25752	-1.55649	1e-05	-0.000157800436	0.000128568	-4.386	1.6807290158313782e-05	0.2169216718862346
151.6185188293457	0.25751	-1.55634	-3e-05	-0.000188943147	0.000132115	-3.996	1.7457155864712314e-05	0.22530910104379973
152.48851895332336	0.25748	-1.55621	0.0	-0.000164716596	0.000128479	-5.034	1.6791162189075334e-05	0.216713517804382
153.3575189113617	0.25746	-1.55609	-1e-05	-0.000179695323	0.000129373	-3.21	1.6953559802443907e-05	0.21880948696243332
154.24751901626587	0.25743	-1.55596	1e-05	-0.000158558289	0.000127674	-4.506	1.664567667924013e-05	0.21483582308194857
155.1315188407898	0.25741	-1.55583	1e-05	-0.000155276228	0.000125946	-4.068	1.6335739686817905e-05	0.21083565113618347
156.00051879882812	0.2574	-1.55571	-1e-05	-0.000166661068	0.000127853	-4.248	1.667796611426765e-05	0.21525256356565864
156.97951889038086	0.25736	-1.55556	2e-05	-0.000172734736	0.000126691	-3.822	1.646897141794564e-05	0.21255519364376788
157.8815188407898	0.25735	-1.55544	-2e-05	-0.00017540074	0.000132353	-2.448	1.7501263135254357e-05	0.22587836728352045
158.75551891326904	0.25732	-1.5553	-0.0	-0.000162385011	0.000130774	-4.29	1.7209823242701864e-05	0.22211692637595334
159.62351894378662	0.2573	-1.55518	1e-05	-0.000164219219	0.000127793	-3.534	1.6667138976398584e-05	0.2151128241534049
160.4955189228058	0.25728	-1.55505	-1e-05	-0.000169611458	0.000128568	-5.046	1.6807290158313782e-05	0.2169216718862346
161.39851880073547	0.25726	-1.55492	-1e-05	-0.000179025221	0.000130416	-3.912	1.714413329007141e-05	0.22126910532827085
162.37651896476746	0.25723	-1.55478	0.0	-0.000169188525	0.000131489	-3.936	1.7341446673729632e-05	0.22381571151317683
163.24651885032654	0.2572	-1.55466	1e-05	-0.000177129173	0.000129105	-3.66	1.6904785069497522e-05	0.21817998056866758
164.12851881980896	0.25719	-1.55452	1e-05	-0.000144771168	0.000131936	-3.696	1.742402476746674e-05	0.2248814977277244
165.0195188522339	0.25717	-1.55439	-1e-05	-0.000156397578	0.000127376	-4.536	1.659199790467567e-05	0.2141430231472983
165.88851881027222	0.25715	-1.55426	0.0	-0.00015672642	0.000132681	-3.474	1.756215436763571e-05	0.2266642541104247
166.75751876831055	0.25713	-1.55414	0.0	-0.000156130598	0.000130207	-3.654	1.710584927185174e-05	0.22077499633386963
167.76351881027222	0.2571	-1.55399	0.0	-0.00015346186	0.000132264	-3.504	1.7484761767648622e-05	0.22566539397159874
168.6405189037323	0.25707	-1.55387	-1e-05	-0.000139610956	0.000133068	-4.224	1.7634155165451076e-05	0.2275935254737519
169.51051878929138	0.25706	-1.55374	-0.0	-0.000161882781	0.000132532	-3.864	1.7534478344692647e-05	0.22630705618551109
170.3815188407898	0.25702	-1.55361	-1e-05	-0.000152656466	0.000133366	-3.93	1.7689713501098894e-05	0.22831058378252275
171.2875189781189	0.25701	-1.55349	2e-05	-0.000182298904	0.000132293	-3.996	1.7490137636780056e-05	0.22573477710884737
172.15651893615723	0.25699	-1.55335	-0.0	-0.000163996236	0.000130505	-4.692	1.7160450746688965e-05	0.22147970501073422
173.1335186958313	0.25696	-1.55322	1e-05	-0.000159263456	0.000130565	-5.16	1.717145623725893e-05	0.22162174631494674
174.01451873779297	0.25695	-1.55309	1e-05	-0.000163535017	0.000134201	-4.368	1.7845928164979295e-05	0.230326753298423
174.91051864624023	0.25692	-1.55296	2e-05	-0.000170785127	0.000134916	-3.87	1.7980328345827555e-05	0.23206137628980364
175.77951884269714	0.2569	-1.55283	-1e-05	-0.000168015435	0.000133247	-3.264	1.7667515343346134e-05	0.22802408539716934
176.64851880073547	0.25688	-1.55271	-1e-05	-0.000139391201	0.00013134	-4.992	1.731397038380926e-05	0.2234610914232863
177.53651881217957	0.25685	-1.55258	-0.0	-0.000146982019	0.000133009	-4.926	1.7623167327705698e-05	0.22745171200401995
178.52951884269714	0.25683	-1.55243	2e-05	-0.000164692801	0.000133992	-4.458	1.780675291298616e-05	0.22982114168115036
179.39851880073547	0.2568	-1.5523	1e-05	-0.00017862366	0.000132234	-4.212	1.7479201521259386e-05	0.22559363118702777
180.2695188522339	0.25679	-1.55217	-0.0	-0.000166254935	0.000132234	-3.882	1.7479201521259386e-05	0.22559363118702777
181.17251896858215	0.25677	-1.55205	0.0	-0.000161620703	0.000132502	-5.142	1.7528909026033075e-05	0.2262351763105567
182.04351902008057	0.25673	-1.55193	0.0	-0.00017171532	0.000131548	-3.312	1.73523334126799e-05	0.2239562201610455
182.9125189781189	0.25672	-1.55179	0.0	-0.00018274477	0.000135601	-3.942	1.810964307447825e-05	0.23373036438212547
183.7875189781189	0.2567	-1.55167	0.0	-0.00016483633	0.000133664	-3.516	1.7745372946721127e-05	0.22902894705744148
184.79951882362366	0.25667	-1.55154	1e-05	-0.000160670647	0.0001328	-4.356	1.7584276077667698e-05	0.22694976583063187
185.6705186367035	0.25666	-1.5514	-1e-05	-0.000183246074	0.000133694	-4.848	1.775098185911154e-05	0.22910133794507007
186.54051876068115	0.25664	-1.55127	-0.0	-0.000180710733	0.000136257	-4.056	1.823399430615635e-05	0.23533529157875527
187.42651867866516	0.25662	-1.55114	2e-05	-0.00017206343	0.000134618	-3.936	1.7924241072265892e-05	0.23133749129478448
188.31451869010925	0.25659	-1.55102	1e-05	-0.000163688115	0.000135691	-4.11	1.8126673788064665e-05	0.23395016964697082
189.29551887512207	0.25656	-1.55086	1e-05	-0.000181880395	0.00013435	-4.47	1.787388752769129e-05	0.23068760812077874
190.1645188331604	0.25654	-1.55073	-0.0	-0.000187077329	0.000134886	-4.992	1.7974677338054684e-05	0.23198844210217515
191.06451892852783	0.25652	-1.55062	0.0	-0.000166817697	0.000138224	-4.14	1.8609887007215583e-05	0.24018671452650914
191.9385187625885	0.2565	-1.55049	-0.0	-0.000158927274	0.000135125	-4.716	1.8019725892834724e-05	0.2325698569362679
192.80851888656616	0.25649	-1.55036	-1e-05	-0.000151615137	0.000133813	-5.058	1.777324067206607e-05	0.22938861917094405
193.68151879310608	0.25645	-1.55024	-1e-05	-0.000188123597	0.000134737	-4.632	1.7946626057147568e-05	0.2316264009464858
194.58651876449585	0.25644	-1.55011	-0.0	-0.000172254908	0.000134886	-3.522	1.7974677338054684e-05	0.23198844210217515
195.4565188884735	0.25641	-1.54997	1e-05	-0.000165994205	0.000135721	-3.666	1.813235278587568e-05	0.2340234650853312
196.32551884651184	0.25639	-1.54985	2e-05	-0.000152511063	0.000136168	-3.66	1.8217094049436447e-05	0.23511717004289456
197.20451879501343	0.25636	-1.54972	-0.0	-0.000150519171	0.000135631	-4.458	1.811531893265532e-05	0.23380361929910268
198.10051894187927	0.25634	-1.54959	0.0	-0.000162011539	0.00013429	-4.62	1.7862625658341267e-05	0.23054225788853067
198.9695188999176	0.25633	-1.54946	1e-05	-0.000159191804	0.000134976	-3.996	1.7991633479834077e-05	0.23220728491317444
199.947518825531	0.2563	-1.54932	-0.0	-0.000149055516	0.000133038	-3.738	1.762856763551215e-05	0.22752141055667427
200.84051895141602	0.25627	-1.5492	1e-05	-0.000167134746	0.000133456	-2.916	1.7706512731107632e-05	0.22852740142686465
201.7235188484192	0.25625	-1.54907	-2e-05	-0.000169899857	0.000135452	-4.416	1.808146847151483e-05	0.23336673158219237
202.59351873397827	0.25623	-1.54894	-2e-05	-0.000159756223	0.000137121	-3.39	1.8398542241815013e-05	0.23745901366436759
203.4625186920166	0.25622	-1.54881	-1e-05	-0.00017455435	0.000139237	-4.524	1.8805262792030955e-05	0.24270831327854067
204.36551880836487	0.25619	-1.54868	1e-05	-0.000176315911	0.000136645	-3.504	1.8307780128517985e-05	0.236287601189491
205.3465187549591	0.25617	-1.54854	-1e-05	-0.000163680465	0.000135601	-3.822	1.810964307447825e-05	0.23373036438212547
206.21651887893677	0.25614	-1.54841	0.0	-0.000156229863	0.000132323	-5.112	1.7495699878518947e-05	0.2258065656462065
207.09251880645752	0.25612	-1.54828	0.0	-0.00016843128	0.000137062	-5.166	1.8387277841162148e-05	0.23731363076210318
207.9915189743042	0.2561	-1.54815	1e-05	-0.000174785938	0.000135452	-3.852	1.808146847151483e-05	0.23336673158219237
208.86051893234253	0.25608	-1.54804	-1e-05	-0.000142640792	0.000135244	-2.838	1.80421805647467e-05	0.2328596659969149
209.72951889038086	0.25605	-1.5479	1e-05	-0.000156101431	0.000135691	-3.798	1.8126673788064665e-05	0.23395016964697082
210.61251878738403	0.25604	-1.54778	-0.0	-0.000176755834	0.000137032	-4.074	1.8381551752547502e-05	0.2372397275508206
211.50351881980896	0.25601	-1.54764	-0.0	-0.000163333493	0.000135393	-4.824	1.8070319208457293e-05	0.23322283469221428
212.37351870536804	0.25599	-1.54752	-3e-05	-0.000173451214	0.00013426	-4.122	1.7856996273955027e-05	0.23046960278105938
213.2435188293457	0.25597	-1.54739	-1e-05	-0.000180534061	0.000136347	-4.902	1.825109387164619e-05	0.23555598547406173
214.1365189552307	0.25596	-1.54726	0.0	-0.000179483205	0.00013587	-4.404	1.816057399614233e-05	0.23438769941793516
215.01651883125305	0.25592	-1.54713	-0.0	-0.000161163058	0.000136436	-3.618	1.82680127632485e-05	0.23577434751923765
215.9955189228058	0.25591	-1.54699	1e-05	-0.000171500964	0.000136138	-5.004	1.8211399419443208e-05	0.23504367284927968
216.86751890182495	0.25587	-1.54686	1e-05	-0.000174152318	0.000138284	-3.366	1.8621424960308672e-05	0.24033562800700023
217.77251887321472	0.25586	-1.54674	-0.0	-0.000165568561	0.000135751	-4.884	1.8138032830810256e-05	0.234096774038291
218.64151883125305	0.25583	-1.54661	-3e-05	-0.00017117143	0.000135482	-3.81	1.8087139137573836e-05	0.2334399194875978
219.50951886177063	0.25582	-1.54649	2e-05	-0.000148402913	0.0001373	-4.812	1.8432742402871383e-05	0.2379004147495661
220.38551878929138	0.25579	-1.54634	-1e-05	-0.000161014275	0.000136525	-4.524	1.828494093171337e-05	0.2359928292953469
221.28651881217957	0.25577	-1.54623	-1e-05	-0.000183568788	0.000139655	-4.578	1.888624065708656e-05	0.2437534462957124
222.15651893615723	0.25574	-1.5461	-1e-05	-0.000150050698	0.000135125	-4.65	1.8019725892834724e-05	0.2325698569362679
223.0245189666748	0.25572	-1.54596	-1e-05	-0.000157635893	0.000137956	-3.564	1.855840311821606e-05	0.23952224267103528
223.91051864624023	0.25572	-1.54584	-1e-05	-0.000167259153	0.00013429	-3.936	1.7862625658341267e-05	0.23054225788853067
224.8005187511444	0.25568	-1.54571	-1e-05	-0.000168767292	0.000139565	-3.594	1.8868787448732308e-05	0.24352818814283222
225.66951870918274	0.25565	-1.54558	-1e-05	-0.000165976831	0.000135035	-5.412	1.8002754251369483e-05	0.23235081408006583
226.64851880073547	0.25563	-1.54544	0.0	-0.000190499585	0.000137241	-3.9	1.8421465547933312e-05	0.23775487110726903
227.54451894760132	0.25562	-1.54531	-1e-05	-0.000173148645	0.000140668	-4.062	1.9083362304318345e-05	0.24629757785289483
228.42051887512207	0.25558	-1.54519	-2e-05	-0.000179373237	0.00013891	-3.756	1.874206053492964e-05	0.2418925994336399
229.2895188331604	0.25557	-1.54506	0.0	-0.000180551365	0.000139386	-4.578	1.8834103976180953e-05	0.2430805492443666
230.0505187511444	0.25555	-1.54494	-0.0	-0.00016981755	0.0001418	-3.648	1.9305119920179102e-05	0.24915967116674329
230.95251893997192	0.25553	-1.54482	1e-05	-0.000177328962	0.000140996	-3.726	1.9147455801863336e-05	0.24712479440675544
231.9345188140869	0.25551	-1.54467	2e-05	-0.000189549507	0.00013882	-4.11	1.8724687921988707e-05	0.24166838147770037
232.80351901054382	0.25548	-1.54456	0.0	-0.00016822631	0.000141353	-3.51	1.9217365524898214e-05	0.24802707751479877
233.67951893806458	0.25546	-1.54442	-1e-05	-0.000185060843	0.000137151	-4.458	1.8404271476475823e-05	0.23753295747979203
234.5785186290741	0.25544	-1.5443	-2e-05	-0.000182191544	0.000140847	-3.822	1.9118323887340137e-05	0.24674880615736514
235.447518825531	0.25543	-1.54416	-1e-05	-0.000196753145	0.000140429	-4.386	1.9036742593058146e-05	0.24569588503899326
236.31651878356934	0.2554	-1.54404	1e-05	-0.000182401584	0.000143559	-3.78	1.965284285023877e-05	0.2536475236778402
237.20351886749268	0.25537	-1.54391	-2e-05	-0.000162920202	0.00014332	-4.506	1.960537086633667e-05	0.2530348310891598
237.98351883888245	0.25535	-1.5438	-3e-05	-0.000183356508	0.000142784	-3.606	1.9499165662151326e-05	0.2516641038489028
238.85351872444153	0.25533	-1.54367	0.0	-0.000177301422	0.00014034	-3.474	1.9019399864003117e-05	0.24547205277654935
239.72451877593994	0.25531	-1.54354	-2e-05	-0.000153107549	0.000142784	-3.864	1.9499165662151326e-05	0.2516641038489028
240.50051879882812	0.25529	-1.54343	-1e-05	-0.0001865164	0.000139982	-4.116	1.8949736314047444e-05	0.2445729468776463
241.2835190296173	0.25529	-1.54333	-1e-05	-0.000197614574	0.00014192	-3.948	1.932871998915338e-05	0.24946426318427314
242.15251874923706	0.25525	-1.54319	-1e-05	-0.000191598346	0.000138701	-4.044	1.8701732355429348e-05	0.24137210766852307
243.0215187072754	0.25523	-1.54306	-2e-05	-0.000186179077	0.000146003	-4.428	2.0142421326388015e-05	0.2599662211338532
243.90851879119873	0.25521	-1.54294	-0.0	-0.000204373056	0.000140608	-4.722	1.907165207556587e-05	0.24614644091319604
244.79651880264282	0.2552	-1.54281	2e-05	-0.00018409933	0.00014335	-4.116	1.9611325774048965e-05	0.25311168753209096
245.66551876068115	0.25516	-1.54268	-1e-05	-0.00020661275	0.000141681	-4.134	1.9281734026553546e-05	0.2488578433827266
246.53451871871948	0.25515	-1.54256	-1e-05	-0.000179693746	0.000141145	-3.918	1.9176614844498845e-05	0.24750113278251484
247.4325189590454	0.25512	-1.54242	2e-05	-0.00015993644	0.000138999	-5.724	1.875924966430741e-05	0.24211444927664094
248.311518907547	0.25511	-1.54231	0.0	-0.000191027333	0.000139267	-3.714	1.8811067595077075e-05	0.24278323241005287
249.18051886558533	0.25507	-1.54217	-1e-05	-0.000183911817	0.000142069	-4.356	1.9358048111752846e-05	0.24984278377430497
250.0505187511444	0.25505	-1.54204	-0.0	-0.000195401415	0.00014186	-3.684	1.9316917737285668e-05	0.24931193855709938
250.84251880645752	0.25504	-1.54194	1e-05	-0.000181270066	0.000140966	-5.028	1.9141588135788465e-05	0.24704906393961637
251.71751880645752	0.25501	-1.54181	0.0	-0.000147934983	0.000141324	-3.672	1.921168075985001e-05	0.247953707642147
252.58851885795593	0.25499	-1.54168	1e-05	-0.000188390077	0.000139148	-4.71	1.878804824040902e-05	0.24248613532579347
253.4605188369751	0.25496	-1.54155	-3e-05	-0.00015248868	0.000138224	-3.534	1.8609887007215583e-05	0.24018671452650914
254.2545187473297	0.25494	-1.54144	1e-05	-0.000171197954	0.000138641	-4.236	1.8690164544027847e-05	0.24122280882464983
255.12351894378662	0.25493	-1.54131	-1e-05	-0.000183038875	0.000139774	-4.188	1.8909332684359358e-05	0.24405148132194657
255.9935188293457	0.25492	-1.54117	1e-05	-0.000190880863	0.00013736	-4.902	1.844421460559787e-05	0.2380484796292824
256.7545187473297	0.25487	-1.54106	0.0	-0.000192503324	0.000137896	-3.87	1.8546888569643112e-05	0.2393736312587296
257.5465188026428	0.25487	-1.54096	1e-05	-0.000168214356	0.000137837	-3.492	1.8535570097588323e-05	0.2392275504891233
258.4195189476013	0.25484	-1.54083	-2e-05	-0.000166659489	0.000139535	-5.076	1.8862971883265523e-05	0.24345313010717412
259.28851890563965	0.25483	-1.5407	-1e-05	-0.000147711994	0.000138254	-4.992	1.8615655447782242e-05	0.2402611643491819
260.0485188961029	0.2548	-1.54059	0.0	-0.000182277586	0.000137121	-5.868	1.8398542241815013e-05	0.23745901366436759
260.9535188674927	0.25478	-1.54046	0.0	-0.000180459708	0.000137688	-4.398	1.8507004540015808e-05	0.23885887187117683
261.822518825531	0.25476	-1.54033	-0.0	-0.000172872826	0.000136317	-4.23	1.8245392963682345e-05	0.2354824072544238
262.69251894950867	0.25474	-1.54021	2e-05	-0.000168934142	0.000136138	-3.858	1.8211399419443208e-05	0.23504367284927968
263.56951880455017	0.25472	-1.54009	1e-05	-0.000161525216	0.000138403	-4.056	1.8644321258585706e-05	0.24063113687579923
264.4695188999176	0.2547	-1.53995	-0.0	-0.000157939016	0.000134558	-4.518	1.7912960711122808e-05	0.23119190239999005
265.3375186920166	0.25468	-1.53982	2e-05	-0.000177689129	0.000133128	-3.396	1.7645333291389033e-05	0.2277377948797166
266.20751881599426	0.25465	-1.53971	1e-05	-0.000186575792	0.000134886	-3.93	1.7974677338054684e-05	0.23198844210217515
266.9785187244415	0.25464	-1.53958	-2e-05	-0.000166623601	0.000135125	-4.17	1.8019725892834724e-05	0.2325698569362679
267.76651883125305	0.25461	-1.53948	1e-05	-0.000142168953	0.000132621	-3.996	1.755100664131907e-05	0.22652037705424505
268.63551902770996	0.25459	-1.53934	1e-05	-0.000161346238	0.000132472	-4.602	1.7523340724029362e-05	0.22616330955697325
269.50351881980896	0.25456	-1.53922	0.0	-0.000147782531	0.000133784	-4.2	1.7767814764204205e-05	0.2293185902136398
270.3885188102722	0.25454	-1.53909	-2e-05	-0.000164965611	0.000134469	-4.272	1.7896235807023426e-05	0.23097604403583966
271.1715190410614	0.25453	-1.53898	-0.0	-0.00017211436	0.000136615	-3.312	1.830206874590831e-05	0.2362138877798454
272.0415186882019	0.25451	-1.53885	-2e-05	-0.000160706434	0.000134886	-4.338	1.7974677338054684e-05	0.23198844210217515
272.8025188446045	0.25448	-1.53874	1e-05	-0.000148803472	0.00013283	-4.488	1.7589855510245982e-05	0.22702177623990416
273.57151889801025	0.25447	-1.53864	-1e-05	-0.000165656587	0.00013426	-3.702	1.7856996273955027e-05	0.23046960278105938
274.3595190048218	0.25445	-1.53852	1e-05	-0.000188111451	0.000137807	-4.11	1.8529816526377536e-05	0.2391532925763602
275.1205189228058	0.25444	-1.53841	1e-05	-0.000177441927	0.0001373	-4.188	1.8432742402871383e-05	0.2379004147495661
275.99051880836487	0.2544	-1.53828	0.0	-0.000189418087	0.000133724	-4.044	1.7756591799300476e-05	0.22917374209788133
276.7525188922882	0.25438	-1.53817	0.0	-0.000191106441	0.000132681	-4.344	1.756215436763571e-05	0.2266642541104247
277.5485188961029	0.25437	-1.53807	-0.0	-0.000172805994	0.000136406	-3.312	1.826230872997074e-05	0.23570072896303665
278.41751885414124	0.25434	-1.53793	-1e-05	-0.000166686135	0.000136883	-4.692	1.835312787782479e-05	0.23687287754893102
279.28651881217957	0.25432	-1.5378	-1e-05	-0.000143032853	0.000139506	-4.14	1.8857351201165374e-05	0.24338058731492024
280.04951882362366	0.25431	-1.53769	-1e-05	-0.000182315505	0.000136347	-4.716	1.825109387164619e-05	0.23555598547406173
280.8445188999176	0.25429	-1.53758	-2e-05	-0.000194025289	0.000137121	-4.32	1.8398542241815013e-05	0.23745901366436759
281.715518951416	0.25428	-1.53744	0.0	-0.000188858297	0.000136049	-4.014	1.8194511534244337e-05	0.2348257109852638
282.5855188369751	0.25425	-1.53733	-1e-05	-0.000180888782	0.000136823	-4.422	1.8341689397921e-05	0.23672524790957836
283.34551882743835	0.25424	-1.53721	0.0	-0.00018363362	0.00013882	-3.666	1.8724687921988707e-05	0.24166838147770037
284.13751888275146	0.2542	-1.5371	0.0	-0.000156936499	0.000141145	-4.62	1.9176614844498845e-05	0.24750113278251484
285.00951886177063	0.25419	-1.53697	-1e-05	-0.000182262905	0.000139833	-3.258	1.8920788014937694e-05	0.24419932844290754
285.77051877975464	0.25416	-1.53687	-2e-05	-0.000197910287	0.000138522	-3.828	1.866723444692676e-05	0.240926863734583
286.5315189361572	0.25416	-1.53674	0.0	-0.000182436925	0.000140191	-3.438	1.8990386936907526e-05	0.24509760022693497
287.4345188140869	0.25413	-1.53661	3e-05	-0.000187079094	0.000136913	-4.872	1.8358848705260922e-05	0.23694671285731977
288.19851875305176	0.25411	-1.53651	1e-05	-0.000178418881	0.000140817	-4.212	1.9112461678722605e-05	0.24667314612637364
288.95951890945435	0.25408	-1.5364	1e-05	-0.000190170894	0.00013879	-4.614	1.8718899206642776e-05	0.2415936699805414
289.72051882743835	0.25406	-1.53628	3e-05	-0.000174713855	0.000139357	-4.26	1.8828488498098953e-05	0.24300807361727178
290.50351881980896	0.25405	-1.53617	0.0	-0.000176166163	0.000141741	-4.47	1.9293523055442244e-05	0.2490099973487951
291.2785186767578	0.25403	-1.53607	1e-05	-0.000176226984	0.000141562	-3.87	1.92583655482496e-05	0.24855624036788118
292.0395188331604	0.25401	-1.53594	-1e-05	-0.000186773267	0.000142396	-4.17	1.942250862935531e-05	0.2506747372371933
292.907518863678	0.25398	-1.53583	-0.0	-0.000179251799	0.000138463	-3.072	1.8655872014376862e-05	0.24078021559308
293.68551874160767	0.25397	-1.53571	-0.0	-0.00015627658	0.000137568	-4.494	1.8484017846630127e-05	0.2385621963266131
294.57551884651184	0.25395	-1.53558	-1e-05	-0.000156415117	0.000141622	-4.104	1.927014579873631e-05	0.2487082810363498
295.44451880455017	0.25393	-1.53545	1e-05	-0.00017801679	0.000140668	-4.32	1.9083362304318345e-05	0.24629757785289483
296.2055187225342	0.25391	-1.53533	-2e-05	-0.000197292615	0.000142486	-4.566	1.9440273271962415e-05	0.25090401488626685
296.9805188179016	0.25389	-1.53523	-1e-05	-0.000194203685	0.000141741	-3.93	1.9293523055442244e-05	0.2490099973487951
297.76451897621155	0.25386	-1.53512	-1e-05	-0.00018397378	0.000142188	-5.874	1.93814909235298e-05	0.25014534616696144
298.6335186958313	0.25385	-1.53499	0.0	-0.000176366626	0.000142158	-4.11	1.9375579322115504e-05	0.25006904865259505
299.3945188522339	0.25382	-1.53488	-0.0	-0.000159750615	0.000141383	-4.236	1.922324740136599e-05	0.24810299138700542
300.1645188331604	0.25381	-1.53477	-2e-05	-0.000151785354	0.000140847	-4.08	1.9118323887340137e-05	0.24674880615736514
300.95051884651184	0.25378	-1.53465	1e-05	-0.00020237847	0.000141622	-4.146	1.927014579873631e-05	0.2487082810363498
301.71151900291443	0.25376	-1.53454	-3e-05	-0.000193104924	0.00014037	-4.824	1.9025244652541344e-05	0.24554748797696482
302.47251892089844	0.25375	-1.53443	0.0	-0.000153808223	0.000141949	-4.38	1.9334426001370184e-05	0.24953790728146036
303.23351883888245	0.25374	-1.53432	1e-05	-0.000195884116	0.000144751	-2.922	1.989067769413542e-05	0.25671711618709686
304.13951897621155	0.25371	-1.53419	0.0	-0.000187929489	0.000141473	-4.416	1.9240899654429562e-05	0.24833081849125843
304.90051889419556	0.25369	-1.53408	0.0	-0.000178769743	0.00013879	-4.374	1.8718899206642776e-05	0.2415936699805414
305.66151881217957	0.25368	-1.53398	-2e-05	-0.000171049435	0.000138731	-4.02	1.87075178756158e-05	0.24144677792766392
306.4225187301636	0.25365	-1.53385	-0.0	-0.000180067875	0.000142367	-4.722	1.9416786603492735e-05	0.2506008864614291
307.20751881599426	0.25364	-1.53374	1e-05	-0.000179119514	0.000144214	-3.618	1.97833108700088e-05	0.2553313966109318
307.9765188694	0.25361	-1.53363	2e-05	-0.000176073383	0.000139476	-4.626	1.8851537768888458e-05	0.24330555681107174
308.7385187149048	0.2536	-1.53352	0.0	-0.000188097406	0.000146718	-3.768	2.0287088006264925e-05	0.26183334770628325
309.6075189113617	0.25358	-1.5334	0.0	-0.0001798764	0.000142039	-4.374	1.9352140918634845e-05	0.24976654315519017
310.38951873779297	0.25356	-1.53328	1e-05	-0.000160189446	0.000145228	-4.482	1.9986354324984393e-05	0.2579519574094896
311.16551876068115	0.25354	-1.53316	1e-05	-0.000188144129	0.000141711	-3.678	1.9287627987428098e-05	0.24893391322116556
311.9275188446045	0.25351	-1.53305	-1e-05	-0.000189460796	0.00013882	-4.884	1.8724687921988707e-05	0.24166838147770037
312.6885187625885	0.25351	-1.53294	2e-05	-0.000156686029	0.0001404	-3.84	1.9031090534392427e-05	0.2456229372881174
313.46151876449585	0.25348	-1.53284	1e-05	-0.000183498625	0.000143022	-3.882	1.9546279769459785e-05	0.2522721775377909
314.2495188713074	0.25344	-1.53272	3e-05	-0.000179160043	0.000143171	-4.23	1.9575811473602233e-05	0.2526533256334023
315.11951899528503	0.25344	-1.53259	1e-05	-0.000195829991	0.000142903	-3.558	1.952271390745455e-05	0.2519680270092129
315.8795189857483	0.25342	-1.53248	-1e-05	-0.000205478035	0.000143231	-3.834	1.9587711252616954e-05	0.2528069089853071
316.6465187072754	0.2534	-1.53237	1e-05	-0.000160544123	0.000145704	-4.698	2.0082118814403298e-05	0.25918793257005435
317.44151878356934	0.25339	-1.53225	-1e-05	-0.000176924132	0.000143916	-4.29	1.972388610347268e-05	0.2545644365842384
318.20251870155334	0.25337	-1.53214	0.0	-0.000184660213	0.000141979	-4.5	1.9340329863756608e-05	0.2496141049128088
318.9645187854767	0.25335	-1.53204	-1e-05	-0.000190067665	0.000145198	-4.146	1.9980328413749905e-05	0.2578741845664369
319.7235188484192	0.25333	-1.53193	2e-05	-0.000155738621	0.000143708	-3.318	1.968247452780847e-05	0.25402996207086304
320.6245188713074	0.25331	-1.53179	-1e-05	-0.000179688781	0.000144721	-4.326	1.988466993717513e-05	0.2566395776504359
321.38951873779297	0.25328	-1.53168	1e-05	-0.000199401614	0.000144185	-4.152	1.9777523015194244e-05	0.2552566962201382
322.1535189151764	0.25327	-1.53158	-0.0	-0.000196321695	0.000144006	-4.266	1.9741821410206054e-05	0.2547959168934226
322.91351890563965	0.25324	-1.53146	0.0	-0.000186459127	0.000145973	-4.47	2.0136365743269097e-05	0.2598880653334815
323.6955189704895	0.25322	-1.53135	-1e-05	-0.000165195347	0.000145079	-3.72	1.9956436900368053e-05	0.2575658310497268
324.47051882743835	0.25321	-1.53124	-1e-05	-0.000159921358	0.000144155	-3.174	1.977153669355443e-05	0.2551794343363767
325.2305188179016	0.25319	-1.53112	-0.0	-0.000190117936	0.000145585	-4.14	2.0058150607923204e-05	0.2588785892212573
326.1015188694	0.25316	-1.531	3e-05	-0.000202578402	0.000144095	-4.26	1.9759567448787593e-05	0.25502495443143175
326.87851881980896	0.25316	-1.53089	-2e-05	-0.00015539465	0.000145138	-4.674	1.9968280023560023e-05	0.25771868317871116
327.66151881217957	0.25313	-1.53078	0.0	-0.000182828452	0.000143678	-3.096	1.9676506181963267e-05	0.2539529321899636
328.42051887512207	0.25311	-1.53067	-0.0	-0.000186050852	0.000142039	-4.752	1.9352140918634845e-05	0.24976654315519017
329.1815187931061	0.25308	-1.53056	-0.0	-0.00019149041	0.000144274	-4.17	1.979528910531482e-05	0.2554859925514049
329.94851875305176	0.25306	-1.53044	-0.0	-0.000153949608	0.000144185	-3.9	1.9777523015194244e-05	0.2552566962201382
330.74051880836487	0.25305	-1.53033	-1e-05	-0.000194868207	0.000145168	-3.762	1.9974303646717063e-05	0.2577964264909126
331.61051869392395	0.25304	-1.53021	-2e-05	-0.000191614271	0.000147493	-3.996	2.04446394274112e-05	0.2638667699511058
332.37151885032654	0.25301	-1.53009	-1e-05	-0.00018599393	0.000146003	-4.266	2.0142421326388015e-05	0.2599662211338532
333.13251876831055	0.25299	-1.52998	1e-05	-0.000161967848	0.000148804	-4.68	2.071293533161761e-05	0.2673295052018502
333.9225187301636	0.25298	-1.52987	-0.0	-0.000188460558	0.000147165	-3.846	2.0377864674404873e-05	0.2630049480318384
334.68751883506775	0.25295	-1.52975	2e-05	-0.000180605047	0.00014484	-4.5	1.9908507411563758e-05	0.2569472337180839
335.44851875305176	0.25293	-1.52965	1e-05	-0.000177138228	0.000147016	-4.824	2.0347577080842314e-05	0.26261404412221845
336.20951890945435	0.25292	-1.52953	-2e-05	-0.000154870905	0.000145019	-3.666	1.99443975798025e-05	0.25741044671823404
337.1055188179016	0.25289	-1.52941	2e-05	-0.000176856649	0.000148238	-4.32	2.0596827764138925e-05	0.2658309740633454
337.8755190372467	0.25287	-1.5293	-1e-05	-0.00017717699	0.000148416	-3.552	2.0633296856757977e-05	0.26630165889525953
338.6365189552307	0.25285	-1.52917	1e-05	-0.000209038279	0.000147731	-4.056	2.0493179337502024e-05	0.26449324562629967
339.39651894569397	0.25283	-1.52907	-3e-05	-0.000199715743	0.000150622	-4.326	2.1088737564402178e-05	0.27217976052952925
340.175518989563	0.25281	-1.52896	-2e-05	-0.000195197638	0.000149489	-3.408	2.0854018235012245e-05	0.2691503781082295
340.95751881599426	0.2528	-1.52885	2e-05	-0.000166662348	0.00015235	-3.948	2.145003740250531e-05	0.27684284209683296
341.71851873397827	0.25277	-1.52873	2e-05	-0.000165938125	0.00015542	-4.908	2.2102003434787275e-05	0.2852573789081512
342.58651876449585	0.25275	-1.52861	0.0	-0.00018507655	0.000151427	-3.84	2.125654985725086e-05	0.274345613726857
343.35851883888245	0.25273	-1.52849	2e-05	-0.000217245347	0.000149519	-3.786	2.0860211224546473e-05	0.2692303073312681
344.14551877975464	0.25271	-1.52838	0.0	-0.000171791617	0.000154317	-4.092	2.1866261267315278e-05	0.2822147953256446
344.907518863678	0.25269	-1.52827	-1e-05	-0.000185998944	0.000155033	-5.022	2.2019097175413313e-05	0.28418735725541394
345.668518781662	0.25267	-1.52816	-1e-05	-0.000194874855	0.000157387	-4.848	2.2526655478324095e-05	0.2907381096140674
346.4325189590454	0.25266	-1.52805	-1e-05	-0.000201668807	0.000157923	-3.708	2.2643326703344845e-05	0.29224391554435875
347.2235188484192	0.25264	-1.52793	-0.0	-0.000198906511	0.000157506	-3.822	2.255252265967611e-05	0.2910719618991776
348.094518661499	0.25261	-1.5278	1e-05	-0.000222320532	0.000160039	-3.816	2.310797334294652e-05	0.29824083265290635
348.85651874542236	0.2526	-1.52769	1e-05	-0.000183754244	0.000158221	-4.398	2.2708371000975086e-05	0.2930834035079576
349.6165189743042	0.25258	-1.52759	2e-05	-0.000194582111	0.000158221	-3.768	2.2708371000975086e-05	0.2930834035079576
350.40651869773865	0.25256	-1.52747	-1e-05	-0.000191769032	0.000159145	-3.954	2.2910868019540268e-05	0.2956969117776062
351.17651891708374	0.25255	-1.52735	1e-05	-0.000186479278	0.000158192	-4.458	2.2702035566581466e-05	0.29300163583405864
351.93551898002625	0.25252	-1.52724	0.0	-0.000190183176	0.000161708	-4.356	2.347909688878067e-05	0.3030307029580173
352.8065187931061	0.2525	-1.52713	0.0	-0.00020528136	0.000157357	-4.11	2.2520137538492278e-05	0.29065398645130563
353.7045187950134	0.25248	-1.52699	-0.0	-0.000219231367	0.000162334	-4.2	2.361936508287992e-05	0.30484106089733226
354.4735188484192	0.25245	-1.52687	2e-05	-0.00020039483	0.000159831	-4.524	2.3062009983442797e-05	0.29764761097974307
355.2345187664032	0.25244	-1.52677	-1e-05	-0.000196440349	0.000158937	-5.07	2.28651762809097e-05	0.2951071957530852
355.9955189228058	0.25242	-1.52667	2e-05	-0.000206443178	0.000160635	-3.912	2.3240028396768343e-05	0.29994518848815604
356.7675189971924	0.2524	-1.52655	-1e-05	-0.00019332777	0.000160248	-4.974	2.3154221682527724e-05	0.2988377323939961
357.54951882362366	0.25239	-1.52644	0.0	-0.000212561877	0.000158728	-4.56	2.2819328174849915e-05	0.2945154615873972
358.31051874160767	0.25237	-1.52632	1e-05	-0.000212429535	0.000158818	-4.026	2.2839063607522196e-05	0.2947701750486598
359.1805188655853	0.25233	-1.52619	-1e-05	-0.000210706269	0.000157715	-4.428	2.2598002362921005e-05	0.29165894130941244
359.94851875305176	0.25233	-1.52608	-0.0	-0.000165487936	0.000160367	-4.968	2.318058318411526e-05	0.29917796457562296
360.84551882743835	0.2523	-1.52596	-2e-05	-0.000203672311	0.000158311	-4.83	2.2728040419776765e-05	0.2933372649675564
361.6055188179016	0.25228	-1.52584	-1e-05	-0.00020735762	0.000159116	-4.35	2.2904493761375753e-05	0.2956146430284469
362.3665187358856	0.25226	-1.52573	2e-05	-0.00020752484	0.000158102	-4.038	2.2682381594163634e-05	0.29274797373172545
363.13051867485046	0.25223	-1.52562	2e-05	-0.000185876973	0.000156284	-4.752	2.2287855981140063e-05	0.28765606690005324
363.9225187301636	0.25223	-1.52551	-2e-05	-0.000191850955	0.000158072	-4.344	2.2675832863883978e-05	0.2926634531750138
364.79251885414124	0.25221	-1.52538	2e-05	-0.000177040452	0.000156642	-3.966	2.236517335807005e-05	0.2886539561797367
365.55151891708374	0.25219	-1.52527	-0.0	-0.000169858418	0.000158102	-4.398	2.2682381594163634e-05	0.29274797373172545
366.42451882362366	0.25217	-1.52515	-1e-05	-0.000219086302	0.000152678	-3.756	2.1519074548291038e-05	0.2777338633706393
367.2195188999176	0.25214	-1.52503	1e-05	-0.00021841727	0.000158698	-4.89	2.281275230729372e-05	0.2944305907860392
367.9825186729431	0.25213	-1.52491	-1e-05	-0.000173592824	0.000159503	-3.936	2.2989658090084407e-05	0.29671380823560034
368.7415187358856	0.2521	-1.5248	-1e-05	-0.000195935002	0.000157834	-4.176	2.262392550685197e-05	0.29199351587015865
369.50251865386963	0.25209	-1.52469	-2e-05	-0.000171697233	0.000158996	-4.77	2.2878130527221684e-05	0.29527438848561693
370.5175187587738	0.25206	-1.52454	1e-05	-0.000186007075	0.000158639	-4.44	2.279982357249071e-05	0.29426372731534134
371.27951884269714	0.25205	-1.52443	-0.0	-0.000180129393	0.000160397	-4.224	2.3187232233207542e-05	0.2992637798874291
372.0415186882019	0.25202	-1.52433	-0.0	-0.000198705167	0.00016147	-4.686	2.342592183411846e-05	0.3023444042357773
372.8025188446045	0.25201	-1.52421	1e-05	-0.00020299418	0.000160993	-3.816	2.331960216201417e-05	0.3009721996263477
373.58851885795593	0.25199	-1.5241	1e-05	-0.000187745545	0.000160933	-4.722	2.330625253916771e-05	0.3007999040046485
374.4695188999176	0.25196	-1.52398	-1e-05	-0.000206734678	0.000161321	-4.164	2.339267453679394e-05	0.3019153011945731
375.22951889038086	0.25193	-1.52387	-0.0	-0.000183543174	0.000162573	-4.326	2.3673073098975202e-05	0.30553423823498405
376.0985188484192	0.25192	-1.52374	1e-05	-0.000197494849	0.000163198	-3.06	2.3813930198698986e-05	0.30735219682803033
376.88651871681213	0.25191	-1.52362	2e-05	-0.000190565754	0.000162811	-4.224	2.3726641905339253e-05	0.3062256188756456
377.76651883125305	0.25188	-1.52349	-1e-05	-0.000170625486	0.000165434	-4.122	2.4322735887026847e-05	0.3139190484464461
378.5285189151764	0.25187	-1.52338	1e-05	-0.00018796456	0.000160218	-4.482	2.3147579216256186e-05	0.29875200204273195
379.2875189781189	0.25185	-1.52328	-1e-05	-0.000201659438	0.000164361	-5.124	2.407761611302791e-05	0.31075543368836306
380.06251883506775	0.25182	-1.52316	-0.0	-0.000188250062	0.000166834	-4.122	2.4645243899024128e-05	0.31808146704576745
380.8425188064575	0.25181	-1.52305	-1e-05	-0.000202697317	0.000165165	-4.692	2.4261117691281607e-05	0.3131237791368924
381.71351885795593	0.25179	-1.52292	-1e-05	-0.000182981155	0.00016755	-4.17	2.481137241932323e-05	0.3202255887948313
382.58251881599426	0.25176	-1.5228	-0.0	-0.000190417731	0.000161679	-4.212	2.3472613053601795e-05	0.3029470199636745
383.36251878738403	0.25174	-1.52268	1e-05	-0.000224146967	0.000163467	-3.672	2.3874737158749612e-05	0.3081369960022135
384.14151883125305	0.25173	-1.52257	3e-05	-0.000199621426	0.000165255	-4.374	2.42817209734001e-05	0.3133896934134587
385.0115189552307	0.2517	-1.52245	0.0	-0.000197578302	0.000165702	-4.848	2.4384236595936337e-05	0.31471280142346814
385.88051891326904	0.25169	-1.52232	0.0	-0.000191788475	0.000165016	-4.464	2.4227035341453942e-05	0.31268389857097195
386.6565189361572	0.25166	-1.5222	1e-05	-0.000192783012	0.000165344	-3.996	2.4302107658946576e-05	0.31365281220722646
387.6565189361572	0.25164	-1.52206	2e-05	-0.000197139605	0.000163765	-4.272	2.3942227947506413e-05	0.3090080593679402
388.5245189666748	0.25163	-1.52193	-0.0	-0.000212773443	0.000164361	-3.474	2.407761611302791e-05	0.31075543368836306
389.2855188846588	0.2516	-1.52182	-0.0	-0.000188696173	0.000163586	-4.188	2.390167196636042e-05	0.3084846275028204
390.1815187931061	0.25158	-1.52169	2e-05	-0.000187813769	0.000161649	-4.926	2.3465906959193304e-05	0.3028604684019882
391.0635190010071	0.25155	-1.52156	1e-05	-0.000186169909	0.000163079	-4.062	2.378706548013866e-05	0.3070054699250039
391.9325189590454	0.25154	-1.52144	-2e-05	-0.000202986949	0.000162275	-4.47	2.360611983801194e-05	0.3046701124199607
392.9125189781189	0.2515	-1.5213	-0.0	-0.000190755328	0.000161023	-4.644	2.3326278974989492e-05	0.3010583732700366
393.92451882362366	0.25149	-1.52117	0.0	-0.000207483406	0.000159116	-3.816	2.2904493761375753e-05	0.2956146430284469
394.6865186691284	0.25146	-1.52104	-2e-05	-0.000176249475	0.000159414	-4.722	2.2970053152440615e-05	0.2964607789958562
395.5555188655853	0.25144	-1.5209	-0.0	-0.000186880793	0.000160665	-3.306	2.32466893107566e-05	0.30003115693309945
396.43151903152466	0.25142	-1.52079	0.0	-0.000219820532	0.000159622	-4.314	2.3015889515764746e-05	0.2970523616050573
397.3295187950134	0.2514	-1.52067	-3e-05	-0.000193945061	0.000157923	-3.756	2.2643326703344845e-05	0.29224391554435875
398.30851888656616	0.25138	-1.52051	0.0	-0.000215059585	0.000159861	-4.776	2.3068635397651523e-05	0.2977331212502006
399.1795189380646	0.25134	-1.52038	-0.0	-0.000191741419	0.000154824	-4.098	2.19744106223298e-05	0.2836106145613566
400.06951880455017	0.25132	-1.52027	-0.0	-0.000184570154	0.000157745	-3.996	2.260453569230038e-05	0.2917432630958877
400.9545187950134	0.2513	-1.52013	1e-05	-0.000212251115	0.000155599	-3.492	2.2140421289384195e-05	0.285753215248867
401.8245189189911	0.25128	-1.52	-1e-05	-0.000200017046	0.000156553	-3.888	2.2345935024330667e-05	0.28840565847798094
402.6935188770294	0.25127	-1.51988	-1e-05	-0.000171988054	0.000154705	-4.542	2.1948994315159682e-05	0.2832825814404559
403.59551882743835	0.25124	-1.51975	0.0	-0.000177704682	0.000156523	-4.89	2.2339452725923716e-05	0.288321995317837
404.4715189933777	0.25122	-1.51962	-1e-05	-0.000177075633	0.000153066	-4.392	2.1600930231115115e-05	0.278790325858306
405.34151887893677	0.2512	-1.5195	2e-05	-0.000164011539	0.000153513	-3.636	2.1695488995737414e-05	0.2800107394478947
406.2125189304352	0.25117	-1.51936	-1e-05	-0.00017256931	0.000151725	-4.428	2.1318893114434044e-05	0.2751502409720361
407.1165189743042	0.25115	-1.51924	-2e-05	-0.000183012538	0.000151933	-3.864	2.136247907677472e-05	0.27571277899765784
407.98551869392395	0.25113	-1.51911	1e-05	-0.000171107425	0.000152231	-4.434	2.14250266310323e-05	0.2765200429833538
408.8555188179016	0.25111	-1.51898	-0.0	-0.000166530063	0.000153125	-3.408	2.161339542078881e-05	0.27895120662843176
409.7305188179016	0.25108	-1.51885	-0.0	-0.000173650655	0.00015244	-3.546	2.146896591788847e-05	0.2770871411578097
410.6275188922882	0.25107	-1.51873	1e-05	-0.000151889609	0.000148595	-3.972	2.0670012720012564e-05	0.26677552864861726
411.49651885032654	0.25105	-1.51861	-2e-05	-0.000182540702	0.000151546	-4.158	2.1281430925810577e-05	0.2746667388421761
412.3665187358856	0.25103	-1.51847	2e-05	-0.000163727226	0.000149907	-3.924	2.094041478933551e-05	0.2702654469166146
413.2525188922882	0.251	-1.51834	-0.0	-0.000178842996	0.000151099	-4.188	2.11880689744628e-05	0.2734617718078619
414.1425187587738	0.25097	-1.51821	1e-05	-0.000187088217	0.000150145	-4.464	2.098971084447623e-05	0.27090168170507817
415.01251888275146	0.25095	-1.51808	-0.0	-0.000152889825	0.000151576	-3.438	2.1287706483052504e-05	0.27474773371738287
415.8815188407898	0.25094	-1.51796	1e-05	-0.000189539145	0.000150532	-4.314	2.1070029999302965e-05	0.2719383131421148
416.77551889419556	0.25091	-1.51783	-1e-05	-0.000159209606	0.000150085	-3.678	2.0977276156297417e-05	0.27074119459955875
417.6565189361572	0.25089	-1.51771	-2e-05	-0.000150900166	0.000150264	-4.626	2.1014387175537703e-05	0.2712201643955924
418.52551889419556	0.25087	-1.51757	-0.0	-0.00017661855	0.000151725	-3.804	2.1318893114434044e-05	0.2751502409720361
419.61751890182495	0.25085	-1.51742	-3e-05	-0.000172219145	0.00015241	-3.354	2.1462655186608593e-05	0.27700569231226935
420.51851868629456	0.25082	-1.51729	-1e-05	-0.00017480008	0.000151218	-4.896	2.121289741900045e-05	0.27378221773630784
421.38751888275146	0.2508	-1.51716	1e-05	-0.000200168737	0.000150741	-4.416	2.1113489776926636e-05	0.2724992225768381
422.25751876831055	0.25079	-1.51704	-1e-05	-0.000190097113	0.000149191	-5.304	2.0792565884519775e-05	0.2683572492644598
423.1405189037323	0.25076	-1.51691	-1e-05	-0.000171071203	0.00015387	-3.648	2.1771206677447345e-05	0.2809879824152711
424.0345187187195	0.25075	-1.51677	-0.0	-0.000177764911	0.00015396	-4.836	2.1790322944188426e-05	0.2812347046710684
425.0115189552307	0.2507	-1.51664	1e-05	-0.000192948311	0.000150383	-4.092	2.1039082404494178e-05	0.2715388909899686
425.8815188407898	0.25069	-1.51651	3e-05	-0.000191112975	0.000154913	-4.494	2.199343236786428e-05	0.2838561168883033
426.7765188217163	0.25066	-1.51638	-1e-05	-0.000210157331	0.000152678	-4.17	2.1519074548291038e-05	0.2777338633706393
427.6555190086365	0.25063	-1.51625	0.0	-0.000186238812	0.000153423	-4.008	2.1676428231634957e-05	0.2797647335315579
428.52551889419556	0.25063	-1.51612	1e-05	-0.000204649049	0.000153602	-4.512	2.171434894387481e-05	0.280254153552317
429.39351868629456	0.2506	-1.516	-1e-05	-0.000184588756	0.000157566	-4.302	2.2565572625842375e-05	0.2912403900307908
430.2985186576843	0.25057	-1.51586	1e-05	-0.000184848159	0.000155688	-4.308	2.215953966286178e-05	0.28599996469505606
431.16951870918274	0.25055	-1.51574	-0.0	-0.000214479868	0.000157715	-4.236	2.2598002362921005e-05	0.29165894130941244
432.04051876068115	0.25054	-1.51561	-1e-05	-0.000193868268	0.000157	-4.668	2.2442672744012936e-05	0.2896541945412177
432.91551899909973	0.25051	-1.51549	-1e-05	-0.000182165355	0.000158311	-4.158	2.2728040419776765e-05	0.2933372649675564
433.8155188560486	0.25048	-1.51535	-1e-05	-0.000208401231	0.000161053	-3.81	2.3332957122866436e-05	0.30114456414250473
434.68751883506775	0.25048	-1.51523	1e-05	-0.000192500444	0.000159592	-3.648	2.3009274599639972e-05	0.29696698682710937
435.5565187931061	0.25045	-1.5151	-2e-05	-0.000192188434	0.000163347	-4.71	2.3847597805752275e-05	0.30778672455627304
436.4405188560486	0.25043	-1.51499	1e-05	-0.000190404347	0.00015843	-4.908	2.2754065717674096e-05	0.29367315796863214
437.33251881599426	0.25041	-1.51484	1e-05	-0.000190318184	0.000164599	-4.734	2.413183255838499e-05	0.3114551730193205
438.311518907547	0.25039	-1.51473	-2e-05	-0.000195514449	0.00016141	-4.674	2.3412529685516655e-05	0.302171559759512
439.1815187931061	0.25036	-1.51458	0.0	-0.000195315091	0.000163228	-3.906	2.3820706203944084e-05	0.3074396506871969
440.07751870155334	0.25033	-1.51445	0.0	-0.000164667433	0.000162245	-5.172	2.3599386973026806e-05	0.304583215346405
440.9565188884735	0.25031	-1.51432	1e-05	-0.000194714201	0.000166268	-4.17	2.4514489762830537e-05	0.3163939013786082
441.82551884651184	0.2503	-1.5142	-1e-05	-0.000217907328	0.000168205	-4.56	2.4964058768706275e-05	0.3221962204594481
442.697518825531	0.25027	-1.51406	-1e-05	-0.000205649631	0.000171334	-4.062	2.5702979821754066e-05	0.331733033872512
443.6005189418793	0.25025	-1.51394	-1e-05	-0.000219080403	0.000169755	-4.59	2.532811166594652e-05	0.32689483411938536
444.4715189933777	0.25023	-1.51381	0.0	-0.000185360711	0.000168771	-4.23	2.509654940226956e-05	0.32390619806268467
445.340518951416	0.2502	-1.51367	-1e-05	-0.000207676332	0.000170262	-4.566	2.544803424719796e-05	0.3284426033657625
446.215518951416	0.25018	-1.51356	1e-05	-0.0002133586	0.000169844	-3.942	2.534913295795651e-05	0.3271661434003619
447.1165189743042	0.25016	-1.51342	-0.0	-0.000218700158	0.000171811	-4.344	2.5817028392796337e-05	0.3332049907717917
447.9865186214447	0.25013	-1.5133	-1e-05	-0.000214784551	0.000172318	-4.038	2.5938662800700044e-05	0.33477485354400743
448.8555188179016	0.25011	-1.51317	1e-05	-0.000205233946	0.000176729	-4.044	2.701520408627532e-05	0.3486691299753589
449.7395188808441	0.2501	-1.51305	0.0	-0.000196109669	0.00017351	-4.452	2.6226324723500655e-05	0.3384875344487904
450.6315188407898	0.25007	-1.51291	3e-05	-0.000189577064	0.000177235	-4.062	2.7140836280925756e-05	0.35029058979723443
451.5005187988281	0.25005	-1.51279	2e-05	-0.000192441852	0.000174702	-4.782	2.6516380694197552e-05	0.3422311139021999
452.3705186843872	0.25003	-1.51267	1e-05	-0.000200926331	0.000176371	-3.702	2.6926587734988932e-05	0.3475254115712358
453.26151871681213	0.24999	-1.51254	-2e-05	-0.000216464412	0.000174851	-4.938	2.6552807511288067e-05	0.3427012531090761
454.14551877975464	0.24999	-1.51241	-1e-05	-0.000203677901	0.000179649	-4.284	2.7746413191409203e-05	0.3581064098753326
455.0155189037323	0.24998	-1.51228	-1e-05	-0.000223848428	0.00017807	-5.208	2.7349136309486354e-05	0.352978994056559
455.8855187892914	0.24994	-1.51217	-1e-05	-0.000244025819	0.000185312	-3.66	2.9208632623775318e-05	0.3769784041674345
456.78451895713806	0.24992	-1.51202	0.0	-0.000245106519	0.000185908	-4.164	2.9366022667119927e-05	0.3790097436052005
457.65851879119873	0.2499	-1.5119	1e-05	-0.000204006777	0.000184835	-3.624	2.908315691487391e-05	0.37535896401380925
458.5285189151764	0.24988	-1.51177	-1e-05	-0.000223177251	0.000186176	-5.136	2.9437017741832705e-05	0.3799260347001553
459.4015188217163	0.24985	-1.51163	0.0	-0.000232191164	0.000184865	-4.458	2.9091035701495335e-05	0.3754606508146115
460.19651889801025	0.24984	-1.51152	-1e-05	-0.000225991365	0.000186981	-4.914	2.965110243809055e-05	0.3826890982160509
461.06751894950867	0.24981	-1.51141	-0.0	-0.000248662996	0.000184328	-4.272	2.8950263712034058e-05	0.37364379068897213
462.0445189476013	0.24978	-1.51125	-1e-05	-0.000198794757	0.000184835	-4.296	2.908315691487391e-05	0.37535896401380925
462.9235188961029	0.24978	-1.51113	-0.0	-0.000224309223	0.000183702	-4.098	2.8786848663330144e-05	0.37153469009974427
463.8205189704895	0.24973	-1.511	-1e-05	-0.000246643523	0.000184448	-4.032	2.898167373348642e-05	0.37404918110606195
464.68951869010925	0.24972	-1.51088	1e-05	-0.000245384298	0.000183464	-4.812	2.8724912924710584e-05	0.37073532245366253
465.5595188140869	0.2497	-1.51075	2e-05	-0.000240161557	0.000187189	-4.002	2.9706623265248307e-05	0.38340567242510687
466.4455187320709	0.24968	-1.51061	-2e-05	-0.000231705733	0.000184805	-4.344	2.9075279838853044e-05	0.37525729929070833
467.33251881599426	0.24966	-1.5105	-3e-05	-0.000209060578	0.000183702	-3.504	2.8786848663330144e-05	0.37153469009974427
468.20251870155334	0.24964	-1.51037	-1e-05	-0.000224019196	0.000186951	-4.716	2.9643101576956333e-05	0.38258583587230505
469.072518825531	0.24961	-1.51023	-1e-05	-0.000222120789	0.000187011	-4.164	2.9659105050307674e-05	0.38279238315997965
469.9695188999176	0.24959	-1.51012	-2e-05	-0.000218342457	0.000187905	-5.064	2.9898389306969183e-05	0.38588068237550754
470.8465187549591	0.24958	-1.50998	-0.0	-0.000232098721	0.000185103	-4.116	2.9153601423541774e-05	0.37626814928112484
471.7175188064575	0.24955	-1.50985	2e-05	-0.000235235512	0.000187428	-4.248	2.977052300950812e-05	0.38423038832085077
472.58851885795593	0.24953	-1.50973	-1e-05	-0.000237970669	0.000184835	-3.984	2.908315691487391e-05	0.37535896401380925
473.3775188922882	0.2495	-1.50961	1e-05	-0.000233304342	0.000187577	-5.01	2.9810416586882162e-05	0.38474527093547733
474.2525188922882	0.24949	-1.50948	0.0	-0.000258013457	0.000186504	-4.548	2.952409578768319e-05	0.3810498991133087
475.1205189228058	0.24947	-1.50935	1e-05	-0.000226968711	0.00018713	-5.328	2.9690866005842573e-05	0.38320230287401086
475.8815188407898	0.24944	-1.50924	1e-05	-0.000222689839	0.000187249	-3.408	2.9722654558667638e-05	0.38361257876980986
476.67251896858215	0.24943	-1.50914	-1e-05	-0.000203075623	0.00018561	-4.32	2.928724253782241e-05	0.3779929754529486
477.54951882362366	0.2494	-1.509	0.0	-0.000230768891	0.000188501	-4.122	3.0058783900289332e-05	0.3879507997481947
478.4195189476013	0.24938	-1.50888	1e-05	-0.000258427249	0.000185938	-5.16	2.9373963004489846e-05	0.3791122248048109
479.1805188655853	0.24937	-1.50877	0.0	-0.000235922909	0.000189544	-5.082	3.034116821789536e-05	0.3915953657497671
479.96851897239685	0.24935	-1.50865	-0.0	-0.000221614753	0.000188322	-4.038	3.0010538072281323e-05	0.38732811961508257
480.84551882743835	0.24932	-1.50853	-1e-05	-0.000252275865	0.000189335	-4.512	3.028440944345604e-05	0.390862814093336
481.715518951416	0.2493	-1.50841	0.0	-0.000262617127	0.000188232	-3.618	2.998630430225335e-05	0.3870153487959286
482.58651876449585	0.24928	-1.50827	-2e-05	-0.000236169205	0.000190855	-4.116	3.069920262395612e-05	0.39621630233287697
483.37651896476746	0.24924	-1.50816	1e-05	-0.000241549617	0.000187875	-3.612	2.9890334247521036e-05	0.38577672052644224
484.2505187988281	0.24923	-1.50804	-1e-05	-0.00022647106	0.000188977	-4.782	3.018738881325888e-05	0.389610626672783
485.1185188293457	0.24922	-1.5079	0.0	-0.000208360334	0.000189693	-3.684	3.0381685970842133e-05	0.39211830422631505
485.8815188407898	0.2492	-1.5078	-1e-05	-0.000224586033	0.000186653	-5.316	2.9563721320038874e-05	0.38156132223071865
486.67451882362366	0.24917	-1.50768	2e-05	-0.000240956465	0.000190617	-4.08	3.06339469772978e-05	0.3953740866134002
487.54951882362366	0.24916	-1.50756	-1e-05	-0.000237356736	0.000186951	-4.65	2.9643101576956333e-05	0.38258583587230505
488.4195189476013	0.24914	-1.50742	1e-05	-0.000227966082	0.000193805	-3.9	3.151768854373796e-05	0.4067800120363472
489.17851877212524	0.24913	-1.50732	-0.0	-0.000239787887	0.000189156	-4.374	3.0235867204359803e-05	0.39023630835905804
490.08451890945435	0.24909	-1.50719	1e-05	-0.000236253642	0.000191719	-4.386	3.093706597082576e-05	0.3992862627130097
490.9565188884735	0.24907	-1.50707	1e-05	-0.000231034294	0.000188232	-4.368	2.998630430225335e-05	0.3870153487959286
491.715518951416	0.24905	-1.50695	1e-05	-0.000223186124	0.000189693	-5.064	3.0381685970842133e-05	0.39211830422631505
492.4765188694	0.24903	-1.50684	1e-05	-0.000240667791	0.000190229	-3.582	3.052780962907667e-05	0.3940042351496108
493.2655189037323	0.24902	-1.50673	0.0	-0.000229068419	0.000189574	-4.452	3.034932258014746e-05	0.3917006092409087
494.1425187587738	0.24898	-1.5066	0.0	-0.000229406878	0.000192166	-4.356	3.10607269892391e-05	0.40088228173860546
494.9035189151764	0.24898	-1.50649	1e-05	-0.00020917363	0.000187309	-4.05	2.9738692876998762e-05	0.3838195757808605
495.8835189342499	0.24895	-1.50634	0.0	-0.000230035254	0.000189693	-3.978	3.0381685970842133e-05	0.39211830422631505
496.67651891708374	0.24893	-1.50623	0.0	-0.000226705864	0.000186861	-4.23	2.9619109494305596e-05	0.3822761843680109
497.54951882362366	0.2489	-1.50611	-0.0	-0.00020665362	0.000192494	-4.596	3.115172881957548e-05	0.4020567880983656
498.41751885414124	0.24889	-1.50598	-0.0	-0.000236601255	0.000189782	-4.338	3.040590907556663e-05	0.39243093739475676
499.17851877212524	0.24887	-1.50587	-1e-05	-0.00024071569	0.000192494	-5.796	3.115172881957548e-05	0.4020567880983656
499.9695188999176	0.24885	-1.50575	1e-05	-0.000223148663	0.000191153	-3.744	3.078107147464429e-05	0.3972729347703135
500.84551882743835	0.24883	-1.50562	0.0	-0.00022729858	0.000189067	-4.194	3.0211755450420088e-05	0.389925112328797
501.715518951416	0.2488	-1.50549	-1e-05	-0.000225998247	0.000189603	-3.684	3.035720684295311e-05	0.3918023667195554
502.4765188694	0.24878	-1.50538	-2e-05	-0.000238622012	0.000188888	-4.44	3.0163308758093378e-05	0.3892998397596988
503.26651883125305	0.24877	-1.50527	-1e-05	-0.000234130258	0.000193627	-4.83	3.14677902178185e-05	0.40613600409807654
504.1425187587738	0.24874	-1.50514	-1e-05	-0.000232767977	0.000188709	-4.284	3.011492572540646e-05	0.38867538880761116
504.90251874923706	0.24872	-1.50503	-0.0	-0.00021180552	0.000191511	-4.926	3.0879663260794676e-05	0.39854540016387446
505.66351890563965	0.24871	-1.50492	1e-05	-0.000212078089	0.000194163	-4.314	3.161824732211077e-05	0.40807786422560555
506.45051884651184	0.24869	-1.50481	1e-05	-0.000261554962	0.000191362	-4.218	3.083859746169346e-05	0.39801538838241113
507.3305187225342	0.24865	-1.50468	-1e-05	-0.000248940195	0.00019461	-4.302	3.1744184548891305e-05	0.4097032609152936
508.09151887893677	0.24866	-1.50457	-1e-05	-0.000266433029	0.000190199	-4.2	3.051961579305124e-05	0.39389848219401496
508.8515188694	0.24863	-1.50446	1e-05	-0.000278350593	0.000192256	-4.818	3.108567490306473e-05	0.40120426958591177
509.6315188407898	0.24861	-1.50434	-0.0	-0.000237221424	0.000193746	-4.314	3.150114185084501e-05	0.4065664537379709
510.40851879119873	0.24859	-1.50423	0.0	-0.000229659403	0.000193835	-4.038	3.1526104917545696e-05	0.4068886371544
511.168518781662	0.24857	-1.50412	1e-05	-0.000239057399	0.000192226	-5.112	3.107735707644735e-05	0.4010969163576813
511.929518699646	0.24855	-1.50401	1e-05	-0.000268989857	0.000193716	-4.974	3.149273107809145e-05	0.40645790090938455
512.8095188140869	0.24852	-1.50388	-0.0	-0.000242015634	0.000191093	-4.152	3.0764573286811434e-05	0.39706000249782425
513.5935187339783	0.24851	-1.50377	1e-05	-0.000230082299	0.00019607	-4.092	3.215848226062642e-05	0.4150503544349332
514.3545186519623	0.24849	-1.50366	1e-05	-0.000245361924	0.000198067	-3.444	3.273260825451943e-05	0.42246025628678013
515.1155190467834	0.24847	-1.50356	-1e-05	-0.000228322991	0.000191987	-4.752	3.101115794799565e-05	0.4002425236812955
515.878518819809	0.24845	-1.50344	-1e-05	-0.000240356568	0.000193209	-4.86	3.13508738887587e-05	0.4046270347561087
516.6705186367035	0.24843	-1.50334	1e-05	-0.000242606388	0.000197382	-3.492	3.253469516486887e-05	0.4199059100542357
517.4315190315247	0.24841	-1.50321	0.0	-0.00022813885	0.00019762	-4.152	3.260334249423998e-05	0.4207919002000261
518.3005187511444	0.24839	-1.50309	-2e-05	-0.000274063326	0.000201643	-3.54	3.378276543988843e-05	0.43601400886960817
519.0635190010071	0.24837	-1.50298	0.0	-0.000258020058	0.000194312	-4.158	3.166017951736759e-05	0.4086190580656173
519.8515188694	0.24835	-1.50287	1e-05	-0.000265085431	0.000198127	-5.262	3.274999280823345e-05	0.42268462835515763
520.6205189228058	0.24833	-1.50275	-1e-05	-0.0002610014	0.000200332	-4.044	3.339442320959411e-05	0.4310019072716713
521.380518913269	0.24831	-1.50264	1e-05	-0.000266791236	0.000200273	-3.942	3.3377038105958604e-05	0.4307775281057851
522.1405189037323	0.24829	-1.50252	-1e-05	-0.000271511069	0.000200571	-4.89	3.346492814826648e-05	0.43191187247302065
522.9205188751221	0.24826	-1.50241	-1e-05	-0.000268475095	0.000198782	-4.218	3.294029136167224e-05	0.4251406983093647
523.8075189590454	0.24826	-1.50229	2e-05	-0.000238654709	0.000198574	-4.446	3.2879757803544465e-05	0.4243594277707702
524.5695188045502	0.24826	-1.50218	1e-05	-0.000261882194	0.000199826	-4.542	3.3245578877257894e-05	0.4290808622300831
525.3295187950134	0.24826	-1.50207	-0.0	-0.000246476413	0.000199349	-4.062	3.310579198009054e-05	0.4272767161032709
526.1035189628601	0.24825	-1.50194	1e-05	-0.000255284217	0.000198067	-4.278	3.273260825451943e-05	0.42246025628678013
526.8885188102722	0.24825	-1.50183	1e-05	-0.000265070227	0.000201107	-4.062	3.3623519239659664e-05	0.4339587131217647
527.6485188007355	0.24826	-1.50174	-0.0	-0.000235925621	0.000199676	-4.452	3.3201565760723334e-05	0.42851281117999296
528.4125189781189	0.24825	-1.50163	0.0	-0.000251792055	0.000199826	-4.818	3.3245578877257894e-05	0.4290808622300831
529.2885189056396	0.24826	-1.50149	1e-05	-0.000241339829	0.000201971	-3.774	3.3880539455801916e-05	0.43727591979035785
530.0805189609528	0.24825	-1.50138	-1e-05	-0.00026095001	0.000202687	-4.884	3.4094835070446165e-05	0.44004170550409616
530.8395190238953	0.24826	-1.50126	0.0	-0.000270250572	0.000203283	-4.602	3.427412277504648e-05	0.4423556649981142
531.5995190143585	0.24826	-1.50115	1e-05	-0.000261219763	0.000200928	-3.984	3.357048425876557e-05	0.4332742222481238
532.4705188274384	0.24825	-1.50105	1e-05	-0.000281242284	0.000203372	-5.052	3.430096674571157e-05	0.44270212412042875
533.2645189762115	0.24826	-1.50091	1e-05	-0.000262610751	0.000204475	-4.158	3.463519595908011e-05	0.4470158212764966
534.0265188217163	0.24827	-1.50081	4e-05	-0.000279086513	0.000202478	-4.644	3.403215969925015e-05	0.4392327918613931
534.8955190181732	0.24826	-1.50067	-0.0	-0.000273546175	0.000203461	-4.632	3.432782925851258e-05	0.443048822555035
535.657518863678	0.24826	-1.50056	1e-05	-0.00026032941	0.000199855	-3.744	3.3254093908865395e-05	0.4291907606655278
536.447518825531	0.24825	-1.50045	-0.0	-0.000248941783	0.000203402	-4.32	3.431001945266931e-05	0.4428189620110032
537.3245189189911	0.24826	-1.50035	-1e-05	-0.000224681564	0.000201435	-3.954	3.3720890364062984e-05	0.43521542416203685
538.0865187644958	0.24826	-1.50021	-1e-05	-0.000287831967	0.000202567	-5.022	3.405883682596355e-05	0.43957709762831226
538.8465187549591	0.24826	-1.5001	-3e-05	-0.000289934239	0.000203908	-4.62	3.446302658425291e-05	0.44479373382020015
539.6295187473297	0.24825	-1.49999	-0.0	-0.000250500173	0.000201018	-3.552	3.359714076862923e-05	0.4336182619256572
540.5125188827515	0.24826	-1.49986	3e-05	-0.000249480868	0.000202418	-4.41	3.401418547623755e-05	0.43900080928299856
541.2735188007355	0.24826	-1.49976	1e-05	-0.000288062878	0.000201077	-4.02	3.3614625603115075e-05	0.43384392825815915
