ivvi_dac14	keithley_1	lockin_1_X	lockin_1_phase	lockin_1_processed	conductance
800.0	-0.000172152747	0.000315012	-4.326	3.019556337711842e-05	0.3897161308940257
806.6666666666666	-0.000111413638	0.000285806	-4.62	2.5738708086849924e-05	0.3321941572853398
813.3333333333334	-0.000143233874	0.00027621	-4.836	2.4389749565679057e-05	0.31478395403655357
820.0	-0.000201972092	0.000274422	-4.746	2.4144191496285756e-05	0.311614682461171
826.6666666666666	-0.000159650806	0.00028667	-4.458	2.5862801140014267e-05	0.33379575232584435
833.3333333333334	-0.000158518307	0.000308426	-4.518	2.914113225350162e-05	0.37610721713878265
840.0	-0.000142716306	0.000331404	-4.638	3.295788736149861e-05	0.4253677993866289
846.6666666666666	-0.00013330213	0.000346454	-4.458	3.568296230997901e-05	0.46053871678447367
853.3333333333334	-0.000140871988	0.000354709	-4.584	3.726184383614725e-05	0.48091639915567314
860.0	-8.97289798e-05	0.000361206	-5.022	3.8549481269578145e-05	0.4975351676907641
866.6666666666666	-0.000111800513	0.000365498	-5.154	3.942287813615939e-05	0.5088075802411767
873.3333333333334	-5.03298463e-05	0.000368239	-4.794	3.9990454003086456e-05	0.5161329435101148
880.0	-0.000145745467	0.000368508	-4.632	4.0046574601978116e-05	0.5168572586152964
886.6666666666666	-8.07922966e-05	0.000370475	-4.512	4.0459248240445005e-05	0.5221833911896979
893.3333333333334	-0.000108633887	0.00037271	-4.362	4.0933124875329745e-05	0.5282994343435179
900.0	-0.000171462861	0.00037265	-4.368	4.0920333473118607e-05	0.5281343433426918
906.6666666666666	-0.000117489988	0.000373574	-4.626	4.111775192419057e-05	0.5306823055700552
913.3333333333334	-5.95086275e-05	0.000377418	-4.626	4.1949057528392065e-05	0.5414114712959522
920.0	-7.2553453e-05	0.000377389	-4.524	4.194272481239826e-05	0.5413297387068187
926.6666666666666	-0.000151316756	0.000375869	-4.344	4.161211232273814e-05	0.5370627204470032
933.3333333333334	-0.000152648594	0.000375452	-4.542	4.1521858276937596e-05	0.5358978652963431
940.0	-0.000155558931	0.000377448	-4.542	4.195560960206006e-05	0.5414960350037835
946.6666666666667	-0.000125902341	0.000377985	-4.458	4.207306196488861e-05	0.5430119226139677
953.3333333333334	-0.000140755986	0.000377538	-4.62	4.197527185479492e-05	0.541749803975231
960.0	-0.000119703174	0.000378044	-4.542	4.208598610729335e-05	0.5431787268133195
966.6666666666667	-0.000164088411	0.000379564	-4.116	4.2420298489265806e-05	0.5474934973769646
973.3333333333334	-0.000152268453	0.000378462	-4.092	4.217766232258373e-05	0.5443619370575453
980.0	-8.8875227e-05	0.00037867	-4.356	4.22233543473513e-05	0.544951656775066
986.6666666666667	-9.80213496e-05	0.00038022	-4.458	4.25653890654633e-05	0.5493660949264352
993.3333333333334	-0.000144692964	0.000379385	-4.38	4.238079316130035e-05	0.5469836256659415
1000.0	-0.000164309743	0.00037724	-4.404	4.1910202553217095e-05	0.5409099933005906
1006.6666666666667	-0.000154260312	0.000377329	-4.566	4.192962562168979e-05	0.5411606752633918
1013.3333333333334	-0.000114902334	0.000377448	-4.494	4.195560960206006e-05	0.5414960350037835
1020.0	-0.000140455268	0.000374438	-4.362	4.130318838677448e-05	0.5330756234168632
1026.6666666666667	-0.000141571975	0.000374051	-4.56	4.122002788554294e-05	0.5320023204160746
1033.3333333333333	-0.000155891212	0.000374379	-4.434	4.129049962213561e-05	0.5329118570979796
1040.0	-9.38844563e-05	0.000371369	-4.266	4.064815898699764e-05	0.5246215495479746
1046.6666666666667	-7.1133196e-05	0.000366362	-4.344	3.960095080517654e-05	0.5111058579954485
1053.3333333333333	-6.03071784e-05	0.000362786	-4.422	3.886885330764758e-05	0.50165711214458
1060.0	-6.97224749e-05	0.000359001	-4.296	3.810789406752279e-05	0.4918358649922842
1066.6666666666667	-9.03574404e-05	0.000352057	-4.524	3.674778964794741e-05	0.4742818082790902
1073.3333333333335	-3.07468777e-05	0.000340642	-4.902	3.460787754074829e-05	0.4466632387410606
1080.0	-8.33969171e-05	0.00032902	-5.004	3.254334136544297e-05	0.4200175014093162
1086.6666666666667	-0.000163624428	0.000310304	-4.65	2.9438714838466427e-05	0.379947938114428
1093.3333333333335	-0.000217169851	0.000290753	-4.32	2.6455298146791428e-05	0.34144275788635203
1100.0	-0.000228782	0.000286402	-4.404	2.5824261736619627e-05	0.333298347227276
1106.6666666666667	-0.000139271006	0.000295879	-4.524	2.721363916676049e-05	0.3512302132323425
1113.3333333333335	-0.000139381965	0.000315698	-4.548	3.0307156782447996e-05	0.39115640043346694
1120.0	-0.000108385053	0.000343474	-4.704	3.512805954508248e-05	0.45337691768647287
1126.6666666666667	-8.94130662e-05	0.000366183	-4.596	3.956399563548307e-05	0.5106288996565825
1133.3333333333335	-8.92069341e-05	0.000378342	-4.236	4.2151323694824224e-05	0.5440220000947771
1140.0	-8.51607238e-05	0.000382723	-4.224	4.3123521376696516e-05	0.5565695758532251
1146.6666666666667	-0.000154933348	0.000385167	-4.488	4.367552886468114e-05	0.5636940073385774
1153.3333333333335	-9.65864783e-05	0.000387223	-4.56	4.414538115516712e-05	0.5697581106789592
1160.0	-9.09189281e-05	0.000388386	-4.554	4.4413408676757416e-05	0.573217382075314
1166.6666666666667	-5.98245703e-05	0.000385704	-4.53	4.379776121619534e-05	0.56527158741242
1173.3333333333335	-0.000170711713	0.000384958	-4.458	4.362804863208948e-05	0.5630812082889797
1180.0	-0.000173864788	0.000383588	-4.248	4.3318091014430605e-05	0.559080770145584
1186.6666666666667	-0.000163169415	0.000381621	-4.2	4.287690188826215e-05	0.5533866051752037
1193.3333333333335	-9.72532267e-05	0.000380041	-4.434	4.2525750199307254e-05	0.5488544997176149
1200.0	-0.000142153216	0.000380607	-4.572	4.265121375656854e-05	0.5504737830372671
1206.6666666666667	-0.000118553295	0.00038022	-4.308	4.25653890654633e-05	0.5493660949264352
1213.3333333333335	-8.22486514e-05	0.000379952	-4.212	4.25060550800525e-05	0.5486003065575934
1220.0	-5.24089822e-05	0.00038016	-4.344	4.255209822417497e-05	0.5491945579632553
1226.6666666666667	-3.42006698e-05	0.000381859	-4.38	4.293004554306032e-05	0.5540724986381222
1233.3333333333335	-0.000114959247	0.000382276	-4.47	4.3023316457797255e-05	0.5552762907171854
1240.0	-0.00010057131	0.000381144	-4.578	4.2770587840434694e-05	0.5520144731549613
1246.6666666666667	-5.22130343e-05	0.000381084	-4.524	4.2757233535898794e-05	0.5518421171094883
1253.3333333333335	-4.24767269e-05	0.000380548	-4.44	4.263811831243099e-05	0.5503047679485972
1260.0	-6.97202244e-05	0.00037724	-4.536	4.1910202553217095e-05	0.5409099933005906
1266.6666666666667	-7.41764427e-05	0.000376584	-4.824	4.17673113381305e-05	0.5390657815934995
1273.3333333333335	-5.34660304e-05	0.000376405	-4.716	4.172840421761491e-05	0.5385636305893207
1280.0	-7.90944495e-05	0.000374945	-4.29	4.141238251409439e-05	0.5344849269057231
1286.6666666666667	-0.000141001017	0.00037265	-4.224	4.0920333473118607e-05	0.5281343433426918
1293.3333333333335	-0.000175218013	0.000370773	-4.344	4.0522124149787845e-05	0.5229948930586812
1300.0	-0.000165099328	0.000367256	-4.314	3.978601365656852e-05	0.5134943538653866
1306.6666666666667	-8.11336238e-05	0.000362309	-4.26	3.8772173534060515e-05	0.5004093239570407
1313.3333333333335	-0.00011454758	0.000355275	-4.608	3.737240943576119e-05	0.4823434034196231
1320.0	-9.77961279e-05	0.000348242	-4.602	3.601968048144328e-05	0.4648845374385173
1326.6666666666667	-8.72241056e-05	0.000334891	-4.686	3.357243844298069e-05	0.4332994437385082
1333.3333333333335	-8.12986328e-05	0.000315191	-4.812	3.0224649212496944e-05	0.39009152442737266
1340.0	-8.69138195e-05	0.00029421	-4.83	2.696492778581527e-05	0.34802024374507906
1346.6666666666667	-0.000130590076	0.000275405	-4.656	2.4278973145007157e-05	0.313354228830921
1353.3333333333335	-0.00020354393	0.00025964	-4.5	2.2180174221839434e-05	0.2862662826433931
1360.0	-0.000222470272	0.000255378	-4.176	2.1634914386109036e-05	0.2792289390820609
1366.6666666666667	-0.000213853508	0.000264587	-4.188	2.282463365874445e-05	0.2945839363043639
1373.3333333333335	-0.000130435204	0.000281008	-3.81	2.5057591742099935e-05	0.3234033947733281
1380.0	-0.000143961489	0.000299724	-3.912	2.7793352447318143e-05	0.358712226861471
1386.6666666666667	-0.000120797433	0.000316652	-4.296	3.0462909594645542e-05	0.39316660910509876
1393.3333333333335	-0.000106872971	0.000331433	-4.452	3.2962957911338874e-05	0.42543324194984833
1400.0	-0.000118058826	0.000342073	-4.38	3.486986036995971e-05	0.45004449489733145
1406.6666666666667	-0.000114590381	0.000347616	-4.614	3.5901466055546695e-05	0.4633588143347323
1413.3333333333335	-0.000153216867	0.000351878	-4.71	3.671332864390412e-05	0.4738370406490002
1420.0	-0.000128679885	0.000357183	-4.674	3.7747370134889734e-05	0.4871827975742104
1426.6666666666667	-0.000142237732	0.00035912	-4.542	3.813160435114353e-05	0.49214187948453497
1433.3333333333335	-8.96152509e-05	0.000361534	-4.518	3.861557736790103e-05	0.4983882306187141
1440.0	-7.26283925e-05	0.000365885	-4.458	3.9502545376558823e-05	0.5098357978074367
1446.6666666666667	-0.00013029216	0.000369253	-4.224	4.0202396196590095e-05	0.5188683550205364
1453.3333333333335	-0.000178881373	0.000370057	-4.23	4.037121162154426e-05	0.5210471550457819
1460.0	-0.000145932568	0.000372292	-4.404	4.084409194061314e-05	0.5271503393454696
1466.6666666666667	-8.0110973e-05	0.000374319	-4.32	4.127759968831691e-05	0.5327453653444123
1473.3333333333335	-6.90884345e-05	0.000375422	-4.266	4.151537256215852e-05	0.5358141580431212
1480.0	-7.51051162e-05	0.000375034	-4.272	4.143157974190316e-05	0.534732694077744
1486.6666666666667	-0.000117730553	0.000376435	-4.164	4.173492248652799e-05	0.5386477579993381
1493.3333333333335	-0.000157141513	0.000377031	-4.026	4.1864625790513285e-05	0.5403217612017961
1500.0	-0.000168595417	0.000376316	-4.122	4.170907255266296e-05	0.5383141283172577
1506.6666666666667	-0.000145734867	0.000376793	-4.332	4.181278419221882e-05	0.5396526726057546
1513.3333333333335	-0.000140964994	0.000378342	-4.5	4.2151323694824224e-05	0.5440220000947771
1520.0	-0.000148011154	0.000378551	-4.374	4.219720727215478e-05	0.5446141920670053
1526.6666666666667	-8.84608118e-05	0.000379326	-4.302	4.2367779813356124e-05	0.5468156701438848
1533.3333333333335	-0.000110580235	0.000379207	-4.326	4.2341544550616344e-05	0.5464770672517897
1540.0	-5.63460029e-05	0.000379385	-4.464	4.238079316130035e-05	0.5469836256659415
1546.6666666666667	-0.000126648006	0.000379654	-4.644	4.244017524104015e-05	0.547750034759609
1553.3333333333335	-0.000160329485	0.000381323	-4.698	4.281045276930425e-05	0.5525289860204237
1560.0	-0.000159424499	0.000384094	-4.554	4.343231446477967e-05	0.5605549841077959
1566.6666666666667	-0.000141835042	0.000384482	-4.326	4.3520104678283155e-05	0.561688040044181
1573.3333333333335	-0.000102758022	0.000382723	-4.338	4.3123521376696516e-05	0.5565695758532251
1580.0	-0.000143727225	0.000383051	-4.344	4.3197197621517166e-05	0.5575204712119803
1586.6666666666667	-0.000119052247	0.000384035	-4.446	4.341898043910485e-05	0.5603828897894905
1593.3333333333335	-7.41347854e-05	0.000384631	-4.638	4.35538650807549e-05	0.5621237654275559
1600.0	-8.41898315e-05	0.000385823	-4.884	4.382489450932725e-05	0.565621780647291
1606.6666666666667	-4.81724187e-05	0.000386866	-4.776	4.40634337649438e-05	0.5687004645785756
1613.3333333333335	-6.42148845e-05	0.000387462	-4.566	4.420032808288656e-05	0.570467277910181
1620.0	-0.000159889098	0.000387164	-4.626	4.4131827448216195e-05	0.569583181065419
1626.6666666666667	-0.000168685494	0.000386449	-4.89	4.3967907576220836e-05	0.5674675650229947
1633.3333333333335	-0.00016478285	0.000385167	-4.86	4.367552886468114e-05	0.5636940073385774
1640.0	-0.000147739684	0.000379981	-4.758	4.251247159998857e-05	0.5486831207542374
1646.6666666666667	-0.000141309628	0.000375094	-4.608	4.1444526593741016e-05	0.5348997913742075
1653.3333333333335	-0.000146559324	0.000376167	-4.656	4.167672793292212e-05	0.5378966755973594
1660.0	-0.000116475836	0.000375601	-4.65	4.155408533238755e-05	0.5363138006840424
1666.6666666666667	-0.000117945638	0.000374617	-4.698	4.1341708063827815e-05	0.5335727739193071
1673.3333333333335	-0.000165570139	0.000375601	-4.89	4.155408533238755e-05	0.5363138006840424
1680.0	-0.00017587468	0.000377389	-4.95	4.194272481239826e-05	0.5413297387068187
1686.6666666666667	-0.000144672745	0.000378283	-4.584	4.2138379808406035e-05	0.543854941071217
1693.3333333333335	-0.000147391078	0.000377836	-4.416	4.204044040263577e-05	0.5425908955622079
1700.0	-0.000170020737	0.000377299	-4.23	4.192307753277721e-05	0.5410761629844226
1706.6666666666667	-0.000162758897	0.000376584	-4.416	4.17673113381305e-05	0.5390657815934995
1713.3333333333335	-6.23018636e-05	0.000375481	-4.698	4.1528128742179e-05	0.5359787944521354
1720.0	-3.39095104e-05	0.000375392	-4.968	4.1508887837055376e-05	0.5357304635630565
1726.6666666666667	-4.30122845e-05	0.000377687	-4.926	4.200784370874653e-05	0.542170189471588
1733.3333333333335	-0.000140610299	0.000378938	-4.734	4.228229868179279e-05	0.5457124161511957
1740.0	-0.000116406115	0.000377657	-4.602	4.200128362108604e-05	0.5420855223319343
1746.6666666666667	-0.000133008374	0.000377269	-4.56	4.191653044785111e-05	0.5409916636633083
1753.3333333333335	-0.000133600233	0.000377687	-4.53	4.200784370874653e-05	0.542170189471588
1760.0	-0.000149730006	0.000379058	-4.764	4.230871795625549e-05	0.5460533939728723
1766.6666666666667	-0.000142440591	0.000380607	-4.908	4.265121375656854e-05	0.5504737830372671
1773.3333333333335	-9.45158866e-05	0.000382246	-4.77	4.301659959859032e-05	0.5551896002206647
1780.0	-7.08680448e-05	0.000383081	-4.494	4.3203942560200415e-05	0.5576075241135582
1786.6666666666667	-4.78953956e-05	0.000382485	-4.422	4.3070139542295754e-05	0.5558806083482023
1793.3333333333335	-7.41765086e-05	0.000381591	-4.578	4.287020774715413e-05	0.5533002078876388
1800.0	-7.61458565e-05	0.000382425	-4.848	4.305669232197924e-05	0.5557070530941545
1806.6666666666667	-5.20137068e-05	0.00038326	-4.992	4.324420918923283e-05	0.5581272214834887
1813.3333333333335	-0.000117336994	0.000385048	-4.884	4.36484883216278e-05	0.5633450111736639
1820.0	-8.53038469e-05	0.000386925	-4.578	4.4076966316849234e-05	0.5688751211565584
1826.6666666666667	-8.40857434e-05	0.000386359	-4.29	4.394731775995729e-05	0.5672018245421885
1833.3333333333335	-0.000103745913	0.00038478	-4.284	4.358765169537982e-05	0.5625598291155613
1840.0	-0.000147768566	0.00038317	-4.374	4.322395872305592e-05	0.5578658607918963
1846.6666666666667	-8.89378716e-05	0.000382842	-4.38	4.315023699538737e-05	0.5569143784131445
1853.3333333333335	-8.10576971e-05	0.000383617	-4.278	4.33246293064952e-05	0.5591651559824781
1860.0	-0.000128671558	0.000380399	-4.296	4.2605064487221847e-05	0.5498781619366186
1866.6666666666667	-0.000144599163	0.000376226	-4.188	4.168953259626724e-05	0.5380619377517342
1873.3333333333335	-6.89758476e-05	0.000366839	-4.302	3.969958990531645e-05	0.5123789340424589
1880.0	-8.91282188e-05	0.000357928	-4.494	3.789472357261829e-05	0.489084600528118
1886.6666666666667	-0.000112465192	0.000340225	-4.572	3.453186388235563e-05	0.4456821757791311
1893.3333333333335	-0.00017919973	0.000319721	-4.458	3.096845411759786e-05	0.3996913708066453
1900.0	-0.000179547776	0.00030935	-3.96	2.9287242537822402e-05	0.37799297545294847
1906.6666666666667	-0.000100309591	0.00031534	-3.912	3.0248877847369092e-05	0.3904042289701325
1913.3333333333335	-0.000106402872	0.000331284	-4.062	3.293691292478052e-05	0.4250970948389652
1920.0	-0.000160172547	0.000347586	-4.464	3.589580965482278e-05	0.4632858105435005
1926.6666666666667	-0.000158843507	0.000358494	-4.254	3.800703050367805e-05	0.4905340791186833
1933.3333333333335	-0.000103573598	0.000367315	-4.086	3.9798255982205275e-05	0.5136523582622813
1940.0	-7.27529123e-05	0.000372859	-4.26	4.096490696706103e-05	0.5287096268498322
1946.6666666666667	-6.55000702e-05	0.000374617	-4.386	4.1341708063827815e-05	0.5335727739193071
1953.3333333333335	-8.06916271e-05	0.000374259	-4.242	4.1264703680071084e-05	0.532578924255873
1960.0	-9.07292382e-05	0.000374289	-4.446	4.127115119360939e-05	0.5326621384684597
1966.6666666666667	-9.83762926e-05	0.000376137	-4.464	4.1670218563658585e-05	0.5378126630498119
1973.3333333333335	-0.000177574511	0.000379058	-4.428	4.230871795625549e-05	0.5460533939728723
1980.0	-9.41515453e-05	0.000379683	-4.464	4.244658193190208e-05	0.5478327220982542
1986.6666666666667	-8.99160663e-05	0.000379505	-4.464	4.240727316411402e-05	0.5473253872722319
1993.3333333333335	-8.91811639e-05	0.000379296	-4.38	4.236116436951941e-05	0.5467302885550736
2000.0	-0.000164227263	0.000377269	-4.632	4.191653044785111e-05	0.5409916636633083
