ivvi_dac14	keithley_1	lockin_1_X	lockin_1_phase	lockin_1_processed	conductance
1800.0	-0.000260529944	9.06591e-05	-2.736	5.8142722797466726e-06	0.0750413452641299
1793.75	-0.000257410667	6.34198e-05	-1.674	3.910213006350901e-06	0.0504667876129554
1787.5	-0.000253232108	5.73101e-05	-0.99	3.503161440048763e-06	0.045213215771542685
1781.25	-0.000252624471	5.582e-05	-0.72	3.404943792899192e-06	0.04394557916696617
1775.0	-0.000252011766	5.83234e-05	-1.134	3.5701869557940874e-06	0.04607827413595255
1768.75	-0.000238141991	6.43735e-05	-2.1	3.9743894489929296e-06	0.05129507468972331
1762.5	-0.00022172614	7.41188e-05	-0.444	4.640273695333864e-06	0.05988924559046966
1756.25	-0.000201712379	8.88412e-05	-1.146	5.68244663245917e-06	0.07333995024222358
1750.0	-0.000209239412	0.000105769	-2.22	6.937954818524367e-06	0.08954404574023572
1743.75	-0.000145572169	0.000133307	-2.862	9.12336240937248e-06	0.11774979835676588
1737.5	-0.000150357788	0.000169457	-3.738	1.2297173478463292e-05	0.1587122852819805
1731.25	-0.000145011828	0.000205369	-4.026	1.5853489753577813e-05	0.20461153881348879
1725.0	-8.79136985e-05	0.000234366	-3.84	1.9073915711271745e-05	0.2461756563094458
1718.75	-0.000170837221	0.000251921	-3.57	2.1199249847353474e-05	0.27360607666710735
1712.5	-0.000224072152	0.000249596	-3.762	2.09095086199069e-05	0.2698665594171483
1706.25	-0.000222198567	0.00023389	-4.08	1.901823103746602e-05	0.24545696742940631
1700.0	-0.000200843442	0.000207693	-4.356	1.6099320850275476e-05	0.20778433418948256
1693.75	-0.000224184226	0.000174792	-4.068	1.2798286270596172e-05	0.16517984927648163
1687.5	-0.000223853658	0.000144155	-3.582	1.0037178026539235e-05	0.12954387161928468
1681.25	-0.000235403255	0.000118822	-3.378	7.950744738392922e-06	0.10261552130934995
1675.0	-0.000242257889	9.8974e-05	-3.588	6.426354182171736e-06	0.08294112139429177
1668.75	-0.000244780228	8.53543e-05	-2.712	5.431556075524189e-06	0.07010185542990287
1662.5	-0.000255794299	7.62646e-05	-2.592	4.78941181173484e-06	0.061814082327798246
1656.25	-0.000252760071	6.95889e-05	-1.422	4.328441853707725e-06	0.055864617955928245
1650.0	-0.000260985971	6.54464e-05	-0.864	4.046795192570563e-06	0.052229572446534936
1643.75	-0.000250549152	6.15721e-05	-0.828	3.7863701060995065e-06	0.048868421146932066
1637.5	-0.000247140419	5.81744e-05	-0.858	3.5603192445210315e-06	0.04595091747066745
1631.25	-0.000245570926	5.59094e-05	-0.084	3.4108248748974495e-06	0.04402148278542848
1625.0	-0.00025281357	5.44193e-05	-0.81	3.3129925172967234e-06	0.04275881888331075
1618.75	-0.000262329078	5.19457e-05	-0.402	3.1514868087022304e-06	0.04067436100833566
1612.5	-0.000253509057	5.07238e-05	-1.188	3.0721174983388622e-06	0.03964998864739544
1606.25	-0.000258085196	4.83992e-05	-1.482	2.9218651494397664e-06	0.03771077117563046
1600.0	-0.000260862078	4.71177e-05	-0.75	2.839448395747328e-06	0.036647067280832384
1593.75	-0.000264417794	4.64323e-05	0.12	2.7954885131628534e-06	0.03607970328959255
1587.5	-0.000265251816	4.60448e-05	0.042	2.7706721134471016e-06	0.03575941281648049
1581.25	-0.000269439946	4.67899e-05	0.282	2.8184136881155803e-06	0.03637558485242557
1575.0	-0.000271182325	4.66111e-05	0.84	2.806948261915874e-06	0.036227607433299606
1568.75	-0.000258451249	4.59256e-05	1.662	2.7630436211618644e-06	0.03566095641542489
1562.5	-0.000250376843	4.42567e-05	0.714	2.656501988989494e-06	0.03428588709975137
1556.25	-0.000254573984	4.24387e-05	0.156	2.5409992018254627e-06	0.0327951615001372
1550.0	-0.000261936579	4.2707e-05	-0.246	2.5580086838917433e-06	0.033014692742412526
1543.75	-0.000257350866	4.56574e-05	-0.288	2.7458887112454274e-06	0.03543954822260622
1537.5	-0.00026110143	4.72071e-05	0.018	2.8451884519212873e-06	0.036721150763074174
1531.25	-0.000254825148	4.95019e-05	1.416	2.9930179206458454e-06	0.03862909756518985
1525.0	-0.000248465519	5.51941e-05	0.528	3.3638109243183375e-06	0.04341470175972261
1518.75	-0.00023367613	6.59828e-05	-0.522	4.083077603374312e-06	0.05269784788757735
1512.5	-0.000216436485	8.56523e-05	-2.472	5.452897748558461e-06	0.0703772996777166
1506.25	-0.000178296728	0.000114263	-3.636	7.592417348648818e-06	0.0979908033605453
1500.0	-0.000114564141	0.000156195	-3.786	1.1089311586301912e-05	0.14312313208789987
1493.75	-0.000103436894	0.000198812	-4.062	1.517070569702922e-05	0.19579925213974902
1487.5	-0.000154792043	0.000235857	-4.188	1.9248983780448133e-05	0.24843515548521578
1481.25	-0.00019817302	0.000259044	-4.074	2.2103376258592223e-05	0.2852750971263868
1475.0	-0.000210085287	0.000263603	-4.002	2.2695439265338186e-05	0.2929165013072861
1468.75	-0.000196077564	0.000248911	-4.332	2.082463843112688e-05	0.26877119049865816
1462.5	-0.000207160881	0.000222386	-4.758	1.7701957361538212e-05	0.22846860798819904
1456.25	-0.000207465544	0.000194014	-4.53	1.4680960872539186e-05	0.189478407724895
1450.0	-0.000238179065	0.000167103	-3.612	1.2078890410230394e-05	0.1558950358824921
1443.75	-0.000241968487	0.000139804	-2.946	9.666870684808352e-06	0.12476453557383206
1437.5	-0.00024029988	0.000118554	-2.7	7.92954147926813e-06	0.10234186348732967
1431.25	-0.00024399582	0.000103027	-2.502	6.7302504169852834e-06	0.0868633288837054
1425.0	-0.00023757706	9.23281e-05	-2.844	5.935924425744459e-06	0.07661143697134867
1418.75	-0.000251877074	8.32682e-05	-2.412	5.282676928716073e-06	0.06818036105868576
1412.5	-0.000251714324	7.79335e-05	-1.806	4.90604491983189e-06	0.0633193963056845
1406.25	-0.000244366934	7.31056e-05	-0.708	4.5701737824207525e-06	0.0589845078150782
1400.0	-0.000242577813	6.72345e-05	0.288	4.167959179197166e-06	0.05379336377183928
1393.75	-0.000252836115	6.19893e-05	-0.786	3.8142765082323267e-06	0.04922859243867279
1387.5	-0.000255894008	6.07672e-05	-1.35	3.73262350611639e-06	0.04817474583004755
1381.25	-0.00025112865	6.01115e-05	-0.174	3.6889298897167418e-06	0.047610818377680754
1375.0	-0.000248536477	5.90982e-05	-0.03	3.621565865373019e-06	0.046741391084644035
1368.75	-0.000249554078	5.6565e-05	0.354	3.4539979345343696e-06	0.04457869172206675
1362.5	-0.00025370166	5.44789e-05	0.792	3.316897710483911e-06	0.04280922088311108
1356.25	-0.00025180892	5.27205e-05	0.144	3.2019548201303275e-06	0.04132572153776289
1350.0	-0.000247744119	5.20947e-05	-0.474	3.16118371870552e-06	0.04079951324348068
1343.75	-0.000257181913	5.21245e-05	-1.188	3.1631235846923667e-06	0.04082454993703083
1337.5	-0.000260021305	5.24523e-05	-1.2	3.184472765776057e-06	0.04110009108676134
1331.25	-0.000262083552	5.12602e-05	0.018	3.1069264137432615e-06	0.040099246561963765
1325.0	-0.000263369782	4.97403e-05	2.076	3.008429607082403e-06	0.038828007012037875
1318.75	-0.000263066808	4.8578e-05	2.718	2.93338758610787e-06	0.037859484394876686
1312.5	-0.000261741158	4.76839e-05	0.42	2.8758261286668677e-06	0.03711657298758274
1306.25	-0.000262080173	4.71773e-05	-1.758	2.8432749417913698e-06	0.03669645422885342
1300.0	-0.000253854836	4.73263e-05	-1.854	2.8528440736174338e-06	0.03681995730725912
1293.75	-0.000251703048	4.79224e-05	-1.116	2.8911666037556106e-06	0.037314563352027846
1287.5	-0.000252693625	4.75945e-05	-0.384	2.8700784776685034e-06	0.03704239148347114
1281.25	-0.00026390984	4.51806e-05	0.252	2.7154225012661764e-06	0.03504633901740504
1275.0	-0.000263252129	4.31242e-05	-0.114	2.5844830085164565e-06	0.03335638106370393
1268.75	-0.000263034829	4.3154e-05	-1.674	2.586375196909857e-06	0.03338080241098561
1262.5	-0.000260164494	4.62534e-05	0.084	2.7840280331445965e-06	0.03593178970788114
1256.25	-0.00025296746	5.129e-05	0.384	3.1088617688332265e-06	0.040124225036057705
1250.0	-0.00023960508	5.94857e-05	-0.6	3.6473040698668883e-06	0.04707357874235507
1243.75	-0.000199616491	7.73673e-05	-1.452	4.866412219065073e-06	0.06280788066986667
1237.5	-0.000156820045	0.00010717	-2.76	7.04474423532607e-06	0.09092231306436606
1231.25	-0.000121832204	0.000143469	-4.452	9.978451256922034e-06	0.1287859202226082
1225.0	-0.00019476947	0.000178904	-4.248	1.3190711160571557e-05	0.17024464332843206
1218.75	-0.000165143934	0.000199349	-3.93	1.5226032449013995e-05	0.1965133215362743
1212.5	-0.000181424552	0.000196994	-3.474	1.4984170077451445e-05	0.19339174812904864
1206.25	-0.000214872175	0.00017956	-3.558	1.3253822670247625e-05	0.17105918595042785
1200.0	-0.000235085253	0.000156553	-3.696	1.1121229677557174e-05	0.14353507985897374
1193.75	-0.000225233539	0.000125618	-3.642	8.494328548916208e-06	0.10963123341274778
1187.5	-0.000219086213	0.000112325	-4.044	7.441602781735363e-06	0.09604432967611959
1181.25	-0.000219215174	0.000102967	-3.684	6.725724595172852e-06	0.0868049168003199
1175.0	-0.000239785288	9.45036e-05	-2.466	6.095399338755502e-06	0.07866968457869157
1168.75	-0.000241627908	8.59206e-05	-2.556	5.472128355114378e-06	0.07062549764932313
1162.5	-0.000236127077	7.88872e-05	-2.628	4.9729488426706445e-06	0.06418288534295513
1156.25	-0.000243652989	7.45659e-05	-2.22	4.671272132797419e-06	0.060289323938443495
1150.0	-0.0002418053	7.15856e-05	-1.71	4.465392281411585e-06	0.05763215546276192
1143.75	-0.000249363875	6.90524e-05	-1.218	4.29177743802757e-06	0.055391412205735555
1137.5	-0.000250255902	6.72345e-05	-0.03	4.167959179197166e-06	0.05379336377183928
1131.25	-0.000250576896	6.36284e-05	-1.266	3.924235294899372e-06	0.05064776492975985
1125.0	-0.000247904758	6.01711e-05	-1.452	3.69289808903689e-06	0.04766203356006865
1118.75	-0.000238941129	5.82936e-05	-2.472	3.568213082347028e-06	0.046052798528392086
1112.5	-0.000259285983	5.8085e-05	-2.61	3.5544006043284725e-06	0.04587452911098724
1106.25	-0.000265446261	5.82042e-05	-1.986	3.5622924556248736e-06	0.045976384529758954
1100.0	-0.000261634311	5.81446e-05	-1.626	3.5583461989509024e-06	0.04592545254802086
1093.75	-0.000247976278	5.67439e-05	-2.01	3.4657928015136526e-06	0.04473092103688917
1087.5	-0.000252033761	5.54326e-05	-1.014	3.3794761425906874e-06	0.04361688339079418
1081.25	-0.000248902094	5.45683e-05	-1.242	3.322756722644051e-06	0.042884839659333054
1075.0	-0.000253167949	5.44491e-05	-0.666	3.3149450324119618e-06	0.042784018831618364
1068.75	-0.000256741693	5.54028e-05	-0.054	3.377518238564403e-06	0.043591613891025095
1062.5	-0.000258131543	5.50153e-05	-0.258	3.3520738046505466e-06	0.0432632177550149
1056.25	-0.000261038514	5.41213e-05	-0.882	3.293476324277538e-06	0.04250693501751802
1050.0	-0.00026361548	5.39722e-05	-0.762	3.2837177879148293e-06	0.04238098740769977
1043.75	-0.000263734867	5.3853e-05	-0.726	3.275919123359598e-06	0.04228033469462907
1037.5	-0.000253376319	5.23927e-05	-0.696	3.180589642897862e-06	0.04104997393527865
1031.25	-0.000249803707	5.3108e-05	-0.81	3.2272363424846097e-06	0.04165201507141784
1025.0	-0.000252126693	5.28099e-05	-1.338	3.2077850828785027e-06	0.04140096926246792
1018.75	-0.00025252315	5.20649e-05	-0.678	3.1592440140742403e-06	0.04077447863245063
1012.5	-0.000249454555	5.15881e-05	-0.33	3.1282306679142255e-06	0.04037420786682163
1006.25	-0.000245010752	5.15583e-05	-0.744	3.1262937032502624e-06	0.04034920861891589
1000.0	-0.000252037716	5.0992e-05	-1.254	3.089515451218854e-06	0.03987453365081819
993.75	-0.000253599326	5.16775e-05	-0.702	3.1340425280691853e-06	0.04044921808022949
987.5	-0.00025299901	5.19159e-05	-1.356	3.1495479105468915e-06	0.04064933680600967
981.25	-0.000249639279	5.3853e-05	-1.2	3.275919123359598e-06	0.04228033469462907
975.0	-0.00024519162	5.41511e-05	-1.362	3.295427210947e-06	0.04253211394844704
968.75	-0.000257624294	5.30484e-05	-1.548	3.2233460993466975e-06	0.04160180602298879
962.5	-0.000264024478	5.22139e-05	-1.68	3.16894415098768e-06	0.040899672515400755
956.25	-0.000257764518	5.32272e-05	-1.65	3.2350187734275744e-06	0.04175245826693511
950.0	-0.000240159931	5.3853e-05	-1.71	3.275919123359598e-06	0.04228033469462907
943.75	-0.000228497688	5.76677e-05	-1.506	3.5267933536259935e-06	0.045518218788373935
937.5	-0.000204035641	6.80094e-05	-2.964	4.2206595078411705e-06	0.054473535488441464
931.25	-0.00019306438	8.55927e-05	-2.988	5.448627924100148e-06	0.07032219159952947
925.0	-0.00020973752	0.000104428	-3.03	6.836160821371927e-06	0.08823025131874969
918.75	-0.00023807065	0.000115157	-3.534	7.662289675212071e-06	0.09889260381462887
912.5	-0.000257460981	0.000111133	-3.474	7.34928331754036e-06	0.09485281740185118
906.25	-0.000243462798	9.56957e-05	-2.646	6.183223504134959e-06	0.0798031787116944
900.0	-0.000256325111	8.00495e-05	-2.322	5.05473704121552e-06	0.06523847685127104
893.75	-0.000238936773	7.01849e-05	-1.752	4.3692385464587e-06	0.05639115654219719
887.5	-0.000250845675	6.55656e-05	-2.778	4.054853165825435e-06	0.05233357190236611
881.25	-0.00025452642	6.23171e-05	-2.532	3.8362260956627805e-06	0.049511882675098665
875.0	-0.000255437044	6.07374e-05	-1.842	3.7306359796827514e-06	0.04814909401153059
868.75	-0.000248069379	5.98731e-05	-1.518	3.6730637665604843e-06	0.04740604378707217
862.5	-0.000236736576	5.8681e-05	-1.548	3.5938863628815973e-06	0.04638414825127459
856.25	-0.000239247092	5.75783e-05	-0.696	3.52088314670273e-06	0.04544193927187176
850.0	-0.000256161824	5.73697e-05	-1.584	3.5070984420336085e-06	0.045264028308526806
843.75	-0.000258948847	5.65054e-05	-1.416	3.4500698259552502e-06	0.0445279939669672
837.5	-0.000258081598	5.76379e-05	-1.074	3.5248231194992414e-06	0.045492790151350555
831.25	-0.000251324941	5.74591e-05	-0.636	3.513005182356335e-06	0.045340263083682976
825.0	-0.000246169878	5.59988e-05	-0.582	3.416707432539913e-06	0.04409740544915063
818.75	-0.000246457084	5.52537e-05	-0.762	3.3677246050646347e-06	0.04346521330338724
812.5	-0.000250424466	5.59094e-05	-1.332	3.4108248748974495e-06	0.04402148278542848
806.25	-0.000248857224	5.49855e-05	-0.954	3.3501181898658724e-06	0.0432379778011222
800.0	-0.0002448324	5.45981e-05	-0.666	3.3247100527468892e-06	0.042910050126199646
