ivvi_dac14	keithley_1	lockin_1_X	lockin_1_phase	lockin_1_processed	conductance
2000.0	-0.000242856649	7.40592e-05	-1.38	4.636144509426594e-06	0.05983595265019808
1993.3333333333333	-0.000243730096	6.43735e-05	-1.458	3.9743894489929296e-06	0.05129507468972331
1986.6666666666667	-0.000240834374	6.36284e-05	-2.058	3.924235294899372e-06	0.05064776492975985
1980.0	-0.00023147254	6.45225e-05	-2.052	3.9844316700029776e-06	0.05142468364812361
1973.3333333333333	-0.000228241123	6.5953e-05	-1.878	4.081060460585707e-06	0.052671813828427075
1966.6666666666667	-0.000242039983	6.49099e-05	-1.77	4.010561347418712e-06	0.051761923813401854
1960.0	-0.000242740542	6.44331e-05	-1.788	3.978405827414563e-06	0.05134691169104488
1953.3333333333333	-0.000240622533	6.71451e-05	-2.076	4.161886648348014e-06	0.053714989237219415
1946.6666666666667	-0.000220005588	7.43573e-05	-2.31	4.656804462263847e-06	0.06010259834193863
1940.0	-0.000199335144	8.70829e-05	-2.748	5.555611969783688e-06	0.07170297088258049
1933.3333333333333	-0.000149739591	0.000109882	-2.52	7.252753686720641e-06	0.09360696701747993
1926.6666666666667	-0.000167421389	0.000138105	-3.186	9.523658778452108e-06	0.12291618489575178
1920.0	-0.000188321039	0.000164003	-3.258	1.1794024979370414e-05	0.15221844763163875
1913.3333333333333	-0.000237665992	0.000163526	-3.768	1.1750451585826168e-05	0.15165607182397772
1906.6666666666667	-0.000273237402	0.000137241	-3.876	9.451126241455491e-06	0.12198005069188825
1900.0	-0.000247281789	0.000104785	-3.516	6.863220170800852e-06	0.08857949020633875
1893.3333333333333	-0.000240851735	7.96323e-05	-2.904	5.0253479516520874e-06	0.06485916939698992
1886.6666666666667	-0.000247220969	6.48205e-05	-1.908	4.0045288686008755e-06	0.05168406620646716
1880.0	-0.000256121564	5.84426e-05	-0.756	3.578084106169964e-06	0.04618019794678322
1873.3333333333333	-0.00025383571	5.47173e-05	-0.246	3.332525003949957e-06	0.04301091304132224
1866.6666666666667	-0.000253262382	5.40914e-05	0.528	3.291519054561051e-06	0.04248167370440725
1860.0	-0.000250897134	5.46577e-05	-0.228	3.328617202149238e-06	0.04296047737370257
1853.3333333333333	-0.000249073653	5.47471e-05	-0.96	3.33447914955077e-06	0.043036134033334915
1846.6666666666667	-0.000246256774	5.46279e-05	-0.702	3.326663545908479e-06	0.04293526269756832
1840.0	-0.000251600509	5.54624e-05	-0.156	3.3814342102487974e-06	0.04364215500246166
1833.3333333333333	-0.000246910592	5.42107e-05	-0.174	3.2993294725649427e-06	0.042582478112231224
1826.6666666666667	-0.00024256476	5.42703e-05	0.228	3.3032323853573764e-06	0.04263285068033627
1820.0	-0.000244760484	5.53431e-05	0.072	3.3735963525509103e-06	0.043540996446869575
1813.3333333333333	-0.000245540447	5.54624e-05	0.654	3.3814342102487974e-06	0.04364215500246166
1806.6666666666667	-0.00024912321	5.54922e-05	0.084	3.383392441559249e-06	0.043667428726292326
1800.0	-0.000245618162	5.60286e-05	-0.528	3.4186686131043324e-06	0.044122717237243626
1793.3333333333333	-0.000240755358	5.62372e-05	-0.438	3.432401471405492e-06	0.04429995905043329
1786.6666666666667	-0.000238449257	5.75783e-05	-0.216	3.52088314670273e-06	0.04544193927187176
1780.0	-0.000226153993	5.83532e-05	-1.026	3.572160994879059e-06	0.04610375188130277
1773.3333333333333	-0.000230600067	5.93665e-05	-1.368	3.6393836709147525e-06	0.04697135487601375
1766.6666666666667	-0.000240784088	5.91578e-05	-2.064	3.62552273757381e-06	0.046792460074656754
1760.0	-0.000244218746	5.95751e-05	-1.95	3.6532461167718414e-06	0.04715026919851473
1753.3333333333333	-0.000233995313	6.08268e-05	-1.692	3.7365990610831738e-06	0.0482260559473804
1746.6666666666667	-0.000233186065	6.18403e-05	-2.202	3.804306153913375e-06	0.04909991102080036
1740.0	-0.000237227233	6.24065e-05	-2.274	3.8422158833236694e-06	0.049589189292727376
1733.3333333333333	-0.000245044888	6.50887e-05	-2.118	4.022630904621914e-06	0.05191769839114662
1726.6666666666665	-0.000241922782	6.6251e-05	-1.914	4.101239591224452e-06	0.052932253834765755
1720.0	-0.00022788513	6.83372e-05	-0.906	4.242988029020652e-06	0.05476171639680785
1713.3333333333333	-0.000218767161	7.07512e-05	-1.266	4.4080668129505595e-06	0.05689228982451231
1706.6666666666665	-0.000216238615	7.27777e-05	-1.752	4.547531205192059e-06	0.058692273572556256
1700.0	-0.000221422415	7.52513e-05	-1.998	4.71887005852357e-06	0.06090364198314782
1693.3333333333333	-0.000223065688	8.02283e-05	-2.226	5.067343270577997e-06	0.06540117793655796
1686.6666666666665	-0.000217096856	8.63378e-05	-2.874	5.502061527704255e-06	0.07101182725878985
1680.0	-0.000199119967	9.76031e-05	-2.664	6.324394225046962e-06	0.08162518502640474
1673.3333333333333	-0.000180947665	0.000116617	-3.288	7.776810841302004e-06	0.1003706602163803
1666.6666666666665	-0.000182400585	0.000138969	-3.492	9.59639038022341e-06	0.12385488830995983
1660.0	-0.000188853145	0.000155003	-3.384	1.0983305286236554e-05	0.14175497198451303
1653.3333333333333	-0.000255295312	0.000156046	-3.0	1.10760382363758e-05	0.14295182087530212
1646.6666666666665	-0.000263712157	0.000132025	-2.796	9.01742692341135e-06	0.11638255220879587
1640.0	-0.000242763527	0.000100971	-1.932	6.575629248173271e-06	0.08486772565845173
1633.3333333333333	-0.000239922996	7.62348e-05	-1.824	4.787334312128021e-06	0.061787269279186055
1626.6666666666665	-0.00024525772	6.19893e-05	-0.792	3.8142765082323267e-06	0.04922859243867279
1620.0	-0.000245663751	5.72207e-05	-1.44	3.4972571740022864e-06	0.045137012930394654
1613.3333333333333	-0.000243289509	5.50451e-05	-2.064	3.35402958278014e-06	0.04328845981710306
1606.6666666666665	-0.000235338389	5.40318e-05	-1.926	3.287618095895178e-06	0.042431326357048486
1600.0	-0.000235264053	5.3555e-05	-1.356	3.256433837579572e-06	0.04202884973014219
1593.3333333333333	-0.000243555316	5.41809e-05	-2.304	3.297378260369346e-06	0.04255729497993049
1586.6666666666665	-0.000250846987	5.43895e-05	-2.172	3.311040165117797e-06	0.04273362103792495
1580.0	-0.000251633708	5.53729e-05	-0.342	3.3755539288261414e-06	0.04356626171655125
1573.3333333333333	-0.00024537035	5.52835e-05	1.188	3.3696816906906554e-06	0.043490472240552136
1566.6666666666665	-0.000242401984	5.60584e-05	-0.972	3.420629957711514e-06	0.04414803114253873
1560.0	-0.000242220644	5.61776e-05	-1.836	3.428476976979572e-06	0.044249307941053966
1553.3333333333333	-0.000240724911	5.66246e-05	-1.614	3.457926700768618e-06	0.04462939796512889
1546.6666666666665	-0.000230389975	5.76081e-05	-1.452	3.5228530505317435e-06	0.04546736364593918
1540.0	-0.000242778156	5.88896e-05	-2.232	3.607722046277682e-06	0.04656271716664985
1533.3333333333333	-0.000241233998	6.00221e-05	-1.158	3.6829788423979795e-06	0.047534011758547004
1526.6666666666665	-0.000233986816	6.08566e-05	-0.738	3.738587089658601e-06	0.048251714246742
1520.0	-0.000237070627	6.01413e-05	-0.444	3.690913905918679e-06	0.04763642489173029
1513.3333333333333	-0.000243219103	6.09758e-05	-1.56	3.7465408784006863e-06	0.04835436905519187
1506.6666666666665	-0.00024116473	6.20489e-05	-2.748	3.818265827416207e-06	0.04928008020254809
1500.0	-0.000230791501	6.3092e-05	-2.76	3.888194734923951e-06	0.05018261091314301
1493.3333333333333	-0.000225060883	6.42841e-05	-2.52	3.968366155884891e-06	0.05121733563726754
1486.6666666666665	-0.000226128053	6.50887e-05	-2.94	4.022630904621914e-06	0.05191769839114662
1480.0	-0.000235597426	6.5506e-05	-2.778	4.0508238376653725e-06	0.052281567766492565
1473.3333333333333	-0.000240655079	6.77411e-05	-3.12	4.2023994501894975e-06	0.0542378638128037
1466.6666666666665	-0.000240082918	6.99167e-05	-3.276	4.350871421420562e-06	0.0561541030116466
1460.0	-0.000232007342	7.32546e-05	-2.868	4.5804697808820456e-06	0.059117392127714226
1453.3333333333333	-0.000233377561	7.59368e-05	-3.108	4.766569147821472e-06	0.0615192656857489
1446.6666666666665	-0.000234413876	7.78739e-05	-2.784	4.9018699967939244e-06	0.0632655130635401
1440.0	-0.000219189696	8.03773e-05	-2.472	5.07785346536997e-06	0.0655368267535088
1433.3333333333333	-0.000210937845	8.34768e-05	-2.754	5.297523332753738e-06	0.06837197474268918
1426.6666666666665	-0.000204465552	8.67848e-05	-3.69	5.534173434670148e-06	0.07142627649366852
1420.0	-0.000202747378	9.10466e-05	-4.392	5.842463440049597e-06	0.07540519175977085
1413.3333333333333	-0.000195408958	9.81395e-05	-4.8	6.3642390335291e-06	0.08213943821002441
1406.6666666666665	-0.000185856791	0.000106484	-4.134	6.992398304340104e-06	0.09024671534700884
1400.0	-0.000206449532	0.000113458	-3.456	7.52966415630138e-06	0.09718088532664552
1393.3333333333333	-0.000209186446	0.00011623	-3.06	7.746404959312916e-06	0.09997822962857457
1386.6666666666665	-0.000228044119	0.000114143	-2.91	7.583053044337981e-06	0.09786994386873998
1380.0	-0.000226930206	0.00010705	-2.73	7.035579678452566e-06	0.090804031593625
1373.3333333333333	-0.000232899043	9.57851e-05	-3.102	6.189822308851594e-06	0.07988834554930475
1366.6666666666665	-0.000240180022	8.36258e-05	-3.024	5.3081334433729515e-06	0.0685089131136424
1360.0	-0.000238559273	7.3195e-05	-1.542	4.576350852039288e-06	0.059064231569258024
1353.3333333333333	-0.000245458999	5.96049e-05	1.278	3.655227132078924e-06	0.04717583698180382
1346.6666666666665	-0.000246628684	5.41213e-05	0.318	3.293476324277538e-06	0.04250693501751802
1340.0	-0.00024156935	5.15284e-05	-0.204	3.1243504005098513e-06	0.04032412756923683
1333.3333333333333	-0.000240215535	5.0694e-05	-0.246	3.0701851948944098e-06	0.03962504955907043
1326.6666666666665	-0.000239342651	5.08728e-05	-0.504	3.0817814224546246e-06	0.03977471515335963
1320.0	-0.000236194637	5.00085e-05	-0.534	3.0257799776447513e-06	0.03905193789886014
1313.3333333333333	-0.000236843387	4.96509e-05	1.536	3.0026490268999306e-06	0.03875340051058267
1306.6666666666665	-0.00025078588	4.92039e-05	1.668	2.973767676894364e-06	0.03838064614800983
1300.0	-0.000242910213	4.87866e-05	-0.276	2.9468376638156163e-06	0.03803307652756923
1293.3333333333333	-0.000244829432	5.09622e-05	-2.568	3.087581703158504e-06	0.03984957591769722
1286.6666666666665	-0.000239233963	5.28099e-05	-2.472	3.2077850828785027e-06	0.04140096926246792
1280.0	-0.000231470926	5.32868e-05	-1.896	3.23891096155669e-06	0.04180269241820582
1273.3333333333333	-0.000238983361	5.40318e-05	-1.656	3.287618095895178e-06	0.042431326357048486
1266.6666666666665	-0.000239657452	5.42107e-05	-1.938	3.2993294725649427e-06	0.042582478112231224
1260.0	-0.000237351912	5.28398e-05	-2.334	3.2097353503523175e-06	0.04142614020180795
1253.3333333333333	-0.000229858061	5.32868e-05	-3.888	3.23891096155669e-06	0.04180269241820582
1246.6666666666665	-0.000232789826	5.5522e-05	-4.374	3.385350836542559e-06	0.043692704562550984
1240.0	-0.000245281713	5.83532e-05	-2.334	3.572160994879059e-06	0.04610375188130277
1233.3333333333333	-0.000240363193	5.85916e-05	-1.044	3.5879592730264225e-06	0.046307650836837536
1226.6666666666665	-0.000244212332	5.83234e-05	-1.032	3.5701869557940874e-06	0.04607827413595255
1220.0	-0.00023067699	5.86214e-05	-1.104	3.589934803791281e-06	0.04633314783441057
1213.3333333333333	-0.000241789092	5.86512e-05	-1.776	3.5919105004027102e-06	0.046358646972466395
1206.6666666666665	-0.00023875427	5.87406e-05	-1.554	3.597838585525298e-06	0.04643515723222647
1200.0	-0.000236643016	6.15125e-05	-1.08	3.7823861654902543e-06	0.04881700280111223
1193.3333333333333	-0.000225950461	6.3837e-05	-0.12	3.938265884317597e-06	0.05082884938094041
1186.6666666666665	-0.000225892457	6.38668e-05	0.972	3.940270932286314e-06	0.05085472733946254
1180.0	-0.000223732771	6.3688e-05	-0.03	3.928243187383351e-06	0.05069949240814428
1173.3333333333333	-0.000240858766	6.49099e-05	-1.158	4.010561347418712e-06	0.051761923813401854
1166.6666666666665	-0.000231228316	6.69067e-05	-1.65	4.145700797657256e-06	0.053506088113976565
1160.0	-0.00023326636	6.95889e-05	-2.22	4.328441853707725e-06	0.055864617955928245
1153.3333333333333	-0.000226190364	7.43573e-05	-2.244	4.656804462263847e-06	0.06010259834193863
1146.6666666666665	-0.000212407798	8.1629e-05	-1.746	5.166326181373163e-06	0.06667869134268146
1140.0	-0.000198583563	9.67388e-05	-1.986	6.2603262326820795e-06	0.08079829765269506
1133.3333333333333	-0.000177046969	0.000112802	-3.144	7.478640078372898e-06	0.09652234797848028
1126.6666666666665	-0.000202543086	0.000133247	-3.924	9.118394894344492e-06	0.11768568560242887
1120.0	-0.00023876273	0.000146569	-4.248	1.024486453673332e-05	0.13222435756289372
1113.3333333333333	-0.000261494335	0.000142933	-4.104	9.932655238459564e-06	0.12819485832047892
1106.6666666666665	-0.000256005862	0.000121683	-3.12	8.178192270717072e-06	0.10555105098209422
1100.0	-0.000248823992	9.4146e-05	-1.608	6.069114833077434e-06	0.07833044613735549
1093.3333333333333	-0.000248672505	7.45361e-05	-1.368	4.669204790279352e-06	0.06026264198131916
1086.6666666666665	-0.000241822331	6.21383e-05	-2.73	3.8242510682845056e-06	0.049357328137436096
1080.0	-0.000233210621	5.72505e-05	-3.252	3.499225097787975e-06	0.045162411749223585
1073.3333333333333	-0.00023354288	5.51345e-05	-2.718	3.3598978974431173e-06	0.043364198655182075
1066.6666666666665	-0.00023350177	5.42405e-05	-1.83	3.3012808475541613e-06	0.04260766334561217
1060.0	-0.00024837854	5.36742e-05	-1.23	3.2642260026002064e-06	0.04212941855759551
1053.3333333333333	-0.000247931397	5.25715e-05	-1.326	3.1922409508627134e-06	0.041200350419506045
1046.6666666666665	-0.000242141638	5.17967e-05	-2.412	3.14179393007275e-06	0.04054926080372848
1040.0	-0.000234717051	5.33464e-05	-3.366	3.242803798340359e-06	0.04185293494127407
1033.3333333333333	-0.000234178678	5.46875e-05	-3.588	3.330571021489589e-06	0.042985694154866014
1026.6666666666665	-0.00023033686	5.52537e-05	-1.536	3.3677246050646347e-06	0.04346521330338724
1020.0	-0.000248987869	5.58796e-05	-0.36	3.4088643502983184e-06	0.043996179463488314
1013.3333333333333	-0.000248106537	5.60584e-05	-0.354	3.420629957711514e-06	0.04414803114253873
1006.6666666666666	-0.000246908151	5.66544e-05	-0.84	3.4598913305580298e-06	0.04465475427031208
1000.0	-0.000245958115	5.92174e-05	-2.022	3.629480274666773e-06	0.04684353764603626
993.3333333333333	-0.000237733853	6.05287e-05	-1.842	3.71672131359602e-06	0.04796950571366453
986.6666666666666	-0.00024564275	6.09758e-05	-0.984	3.7465408784006863e-06	0.04835436905519187
980.0	-0.000239221699	6.10952e-05	-0.546	3.754510699295893e-06	0.048457230781082106
973.3333333333333	-0.000232660985	6.02605e-05	-0.144	3.698851640099836e-06	0.047738872493535596
966.6666666666665	-0.000227469856	6.03201e-05	-0.426	3.7028215091094573e-06	0.04779010922560989
960.0	-0.000223055876	6.10654e-05	-0.966	3.752521329620266e-06	0.04843155517293992
953.3333333333333	-0.000232181743	6.15423e-05	-1.506	3.784378051839651e-06	0.04884271089046206
946.6666666666665	-0.000234546979	6.31516e-05	-0.6	3.892196534991442e-06	0.05023425976034073
940.0	-0.000237583491	6.50589e-05	-0.588	4.0206188857245154e-06	0.051891730463004763
933.3333333333333	-0.000242974539	6.5357e-05	0.114	4.040753505295794e-06	0.052151595991537604
926.6666666666665	-0.000242064487	6.71451e-05	-1.236	4.161886648348014e-06	0.053714989237219415
920.0	-0.000230085694	6.75027e-05	-1.596	4.18618606384118e-06	0.05402860730324824
913.3333333333333	-0.000225948221	6.80094e-05	-1.848	4.2206595078411705e-06	0.054473535488441464
906.6666666666665	-0.000220615178	6.96187e-05	-2.1	4.330480035992422e-06	0.05589092355930873
900.0	-0.000234777308	7.13174e-05	-1.434	4.446951275736165e-06	0.05739414839888096
893.3333333333333	-0.000235938526	7.23307e-05	-0.432	4.516698732816185e-06	0.058294337237004126
886.6666666666665	-0.000234937243	7.41188e-05	-1.644	4.640273695333864e-06	0.05988924559046966
880.0	-0.000217351152	7.62944e-05	-1.644	4.791489490193298e-06	0.0618408976847419
873.3333333333333	-0.000220023869	8.04965e-05	-1.758	5.086264898451789e-06	0.06564538810455829
866.6666666666665	-0.000207991014	8.66656e-05	-2.16	5.5256061432003504e-06	0.07131570357134373
860.0	-0.000179937066	0.000100196	-2.874	6.517592351232645e-06	0.08411867803704072
853.3333333333333	-0.000150085533	0.000119538	-3.138	8.007478131878397e-06	0.10334774538894444
846.6666666666665	-0.000142836085	0.000143171	-3.672	9.952980348632586e-06	0.1284571823976189
840.0	-0.0001955724	0.000156493	-3.942	1.1115877672445757e-05	0.1434660047204013
833.3333333333333	-0.000253588816	0.000150413	-4.026	1.057892783647446e-05	0.13653591337070697
826.6666666666665	-0.000263879817	0.000124426	-3.462	8.398155974211824e-06	0.1083899913387446
820.0	-0.000246923265	9.70964e-05	-2.88	6.2868140564304705e-06	0.08114016019912623
813.3333333333333	-0.00023650157	7.78739e-05	-2.316	4.9018699967939244e-06	0.0632655130635401
806.6666666666665	-0.000232700864	6.66087e-05	-1.65	4.125483944172852e-06	0.053245161241363095
800.0	-0.000235160708	6.06778e-05	-0.378	3.7266614288093007e-06	0.04809779685343165
