ivvi_dac14	keithley_1	lockin_1_X	lockin_1_phase	lockin_1_processed	conductance
400.0	-0.000191330825	0.000323744	-4.29	3.164171232594745e-05	0.4083807130379438
406.15384615384613	-0.000177800035	0.000323089	-4.29	3.1531267894827415e-05	0.4069552726234918
412.3076923076923	-0.000169686717	0.000322761	-4.374	3.14760833136758e-05	0.4062430381411336
418.46153846153845	-0.000107597726	0.00032437	-3.924	3.174757123623742e-05	0.40974697086938827
424.61538461538464	-0.000153225841	0.000326546	-3.882	3.211787330622522e-05	0.4145262388755964
430.7692307692308	-0.000136246881	0.000326546	-4.242	3.211787330622522e-05	0.4145262388755964
436.9230769230769	-0.00010751382	0.000325592	-4.506	3.195507797187388e-05	0.41242513656998153
443.0769230769231	-0.000107671501	0.000323536	-4.344	3.160660467047054e-05	0.4079275994633983
449.2307692307692	-0.000103715946	0.000321807	-4.314	3.1316037493283654e-05	0.4041774221726549
455.38461538461536	-0.000181492043	0.000322016	-4.518	3.135104144981164e-05	0.40462919736670233
461.53846153846155	-0.000180614114	0.000323446	-4.668	3.15914240273388e-05	0.4077316719547144
467.6923076923077	-0.000165450157	0.000322612	-4.452	3.1451041520318204e-05	0.4059198386466885
473.84615384615387	-0.000165802107	0.00032142	-4.548	3.12513079422018e-05	0.4033419964550727
480.0	-0.000122634951	0.000320854	-4.332	3.115684038285712e-05	0.40212275999761654
486.1538461538462	-0.000157214633	0.000320913	-4.104	3.1166676555832434e-05	0.402249709616899
492.3076923076923	-0.000139216372	0.000320585	-4.188	3.1112026935881676e-05	0.40154437955976297
498.46153846153845	-0.000107069534	0.000320228	-4.398	3.105263636366286e-05	0.40077786085873296
504.61538461538464	-0.000106104312	0.0003199	-4.212	3.099815353916312e-05	0.400074683531023
510.7692307692308	-8.36802272e-05	0.000320377	-4.17	3.107741252248017e-05	0.40109763196656445
516.9230769230769	-9.37837179e-05	0.000318171	-4.14	3.071226754550764e-05	0.39638492348472976
523.0769230769231	-0.000164971565	0.000317754	-4.326	3.0643645799691106e-05	0.39549926353062276
529.2307692307693	-0.000142398817	0.000318022	-4.374	3.068773344063217e-05	0.39606827642278875
535.3846153846154	-7.90027013e-05	0.000316622	-4.32	3.0458001694361464e-05	0.3931032657627131
541.5384615384615	-0.000119679054	0.000312956	-4.32	2.986312123265861e-05	0.3854254983707337
547.6923076923077	-0.000176473358	0.000308754	-4.362	2.9192931018260358e-05	0.37677575290792026
553.8461538461538	-0.000161057121	0.000302108	-4.308	2.8157589330964778e-05	0.36341321512424435
560.0	-0.000119966279	0.000301393	-4.26	2.8047958578884144e-05	0.3619982763799571
566.1538461538462	-9.12940321e-05	0.00030938	-4.332	2.9291996233367337e-05	0.3780543285667183
572.3076923076924	-8.77230777e-05	0.000322523	-4.176	3.143609165130977e-05	0.4057268896020035
578.4615384615385	-0.0001283437	0.000330927	-3.984	3.287458198221715e-05	0.4242926265312408
584.6153846153846	-0.000118344406	0.000330808	-4.068	3.285382759193318e-05	0.42402476199168854
590.7692307692307	-0.000129069034	0.000328185	-4.212	3.23992071840796e-05	0.4181572474776715
596.9230769230769	-0.00010429722	0.000325115	-4.176	3.187394295518617e-05	0.4113779752904037
603.0769230769231	-0.000123339031	0.000322403	-4.188	3.14159439663349e-05	0.40546685544609745
609.2307692307693	-0.000181364962	0.000322314	-4.296	3.140100809795464e-05	0.40527408709917173
615.3846153846154	-0.000194279696	0.000322135	-4.38	3.137098657455196e-05	0.40488661719844776
621.5384615384615	-0.000168999848	0.000320854	-4.38	3.115684038285712e-05	0.40212275999761654
627.6923076923077	-0.00011401381	0.000319423	-4.572	3.0919062894886144e-05	0.39905390774709126
633.8461538461538	-0.000145217994	0.000319155	-4.698	3.087469988178435e-05	0.3984813407906512
640.0	-0.00012947288	0.000319304	-4.416	3.0899357860104604e-05	0.3987995866132782
646.1538461538462	-0.00011578042	0.000319006	-4.308	3.085005824747726e-05	0.39816330591045607
652.3076923076924	-9.61332169e-05	0.000317903	-4.464	3.066815074004131e-05	0.3958155341834269
658.4615384615385	-7.93535818e-05	0.000318618	-4.422	3.078596734743917e-05	0.3973361228810681
664.6153846153846	-0.000112243256	0.000317188	-4.41	3.055070736123676e-05	0.3942997625246834
670.7692307692307	-0.000104312972	0.000315191	-4.446	3.0224649212496944e-05	0.39009152442737266
676.9230769230769	-0.000113882041	0.000315012	-4.56	3.019556337711842e-05	0.3897161308940257
683.0769230769231	-0.00018032539	0.000316354	-4.548	3.0414186675736135e-05	0.3925377714442116
689.2307692307693	-0.000125683473	0.000316354	-4.512	3.0414186675736135e-05	0.3925377714442116
695.3846153846155	-0.000118880044	0.000316592	-4.368	3.0453094445565214e-05	0.3930399308286924
701.5384615384615	-8.70045662e-05	0.000316473	-4.398	3.0433635440316466e-05	0.39278878505135156
707.6923076923077	-0.000179435672	0.000315549	-4.05	3.028288983482532e-05	0.3908432014108819
713.8461538461538	-0.000181517073	0.000314953	-4.08	3.0185981455524778e-05	0.3895924627457164
720.0	-0.00014744361	0.000315281	-4.254	3.023928205363967e-05	0.3902803817824387
726.1538461538462	-0.000128588757	0.000315638	-4.2	3.0297382937175186e-05	0.3910302552406747
732.3076923076924	-8.70051229e-05	0.000315221	-3.948	3.022952618070162e-05	0.3901544685478543
738.4615384615385	-6.90372509e-05	0.000313045	-4.176	2.987744983027655e-05	0.38561042903604564
744.6153846153846	-0.000128622563	0.000311019	-4.362	2.9552653756305677e-05	0.3814184797852025
750.7692307692307	-0.000108253385	0.000309469	-4.524	2.9306102518723376e-05	0.37823638998023074
756.9230769230769	-9.04093856e-05	0.000309588	-4.596	2.9324972278738903e-05	0.37847993072071323
763.0769230769231	-0.000134608851	0.00031087	-4.698	2.9528880481370477e-05	0.38111165230161775
769.2307692307693	-8.7192666e-05	0.000310929	-4.488	2.9538292208853516e-05	0.3812331238560282
775.3846153846155	-0.000120344811	0.000309529	-4.158	2.9315615460657488e-05	0.37835916784920703
781.5384615384615	-0.000108138504	0.00030628	-4.11	2.88040429434506e-05	0.3717566064203098
787.6923076923077	-0.00011703849	0.000301154	-4.44	2.801138756554407e-05	0.361526276118072
793.8461538461538	-0.000137402018	0.000290813	-4.326	2.6464080435467344e-05	0.34155610564941336
800.0	-9.65719058e-05	0.00028226	-4.374	2.5234027750499035e-05	0.32568054912494343
806.1538461538462	-0.000127343591	0.000273617	-4.23	2.4034214592004055e-05	0.3101952761368352
812.3076923076924	-0.000138140328	0.000273349	-4.038	2.3997680489765195e-05	0.30972375226452337
818.4615384615386	-0.000147926748	0.00028667	-4.002	2.5862801140014267e-05	0.33379575232584435
824.6153846153846	-9.71237776e-05	0.000312539	-4.362	2.9796060605360287e-05	0.38455998684244624
830.7692307692307	-0.0001117426	0.000334712	-4.65	3.3540650849186924e-05	0.4328891802203543
836.9230769230769	-7.13421639e-05	0.000342311	-4.812	3.49136032321771e-05	0.45060905793610256
843.0769230769231	-7.9094501e-05	0.000341805	-4.656	3.482066210012187e-05	0.4494095221654627
849.2307692307693	-0.000125707055	0.000338199	-4.506	3.41646468084373e-05	0.4409427239776084
855.3846153846155	-0.000121001362	0.000334265	-4.224	3.3461385067743564e-05	0.4318661440454503
861.5384615384615	-0.000110623056	0.00033042	-4.29	3.27862361141294e-05	0.4231523990924734
867.6923076923077	-7.95968321e-05	0.000327172	-4.554	3.2225079437540046e-05	0.4159098844854608
873.8461538461538	-9.2158473e-05	0.000326307	-4.572	3.2077023218624524e-05	0.41399901115384147
880.0	-0.000135142147	0.00032589	-4.356	3.200585483034273e-05	0.4130804832039983
886.1538461538462	-0.000168803946	0.000325354	-4.32	3.191457368213445e-05	0.4119023718550227
892.3076923076924	-0.000174082912	0.000323864	-4.122	3.166198168071944e-05	0.40864231751336966
898.4615384615386	-0.000153645593	0.000321629	-4.11	3.128625132354488e-05	0.40379298984132955
904.6153846153846	-0.000159768735	0.000318976	-4.176	3.084509881980775e-05	0.3980992975348324
910.7692307692307	-0.000174650582	0.000318112	-4.638	3.070255075772158e-05	0.39625951469889564
916.9230769230769	-0.000177216289	0.000318827	-4.956	3.082047679877678e-05	0.3977815157914968
923.0769230769231	-0.000101487675	0.000320287	-4.854	3.1062445087875554e-05	0.4009044562132039
929.2307692307693	-5.86239985e-05	0.000321241	-4.56	3.122140631411791e-05	0.4029560739717348
935.3846153846154	-8.67044007e-05	0.000320675	-4.482	3.112701429072927e-05	0.4017378124118211
941.5384615384615	-0.0001612718	0.000320347	-4.446	3.1072422709791605e-05	0.40103323142961844
947.6923076923077	-0.000143084284	0.000320019	-4.59	3.1017910964000697e-05	0.4003296808320492
953.8461538461539	-0.000151712885	0.000318112	-4.548	3.070255075772158e-05	0.39625951469889564
960.0	-0.000142382031	0.000318618	-4.596	3.078596734743917e-05	0.3973361228810681
966.1538461538462	-0.000146924392	0.00032142	-4.566	3.12513079422018e-05	0.4033419964550727
972.3076923076924	-0.000152305317	0.000322552	-4.476	3.144096230167132e-05	0.40578975218185126
978.4615384615385	-0.000179564656	0.000321509	-4.422	3.126618414416367e-05	0.40353399472311535
984.6153846153846	-0.000142725562	0.000320228	-4.542	3.105263636366286e-05	0.40077786085873296
990.7692307692308	-8.62612156e-05	0.000319662	-4.692	3.095867011248977e-05	0.39956509448691735
996.9230769230769	-4.60629273e-05	0.000320287	-4.674	3.1062445087875554e-05	0.4009044562132039
1003.0769230769231	-8.84822833e-05	0.000320377	-4.362	3.107741252248017e-05	0.40109763196656445
1009.2307692307693	-0.000161496523	0.000321152	-4.062	3.120654792908687e-05	0.4027643056561941
1015.3846153846155	-0.000144355899	0.000320347	-4.002	3.1072422709791605e-05	0.40103323142961844
1021.5384615384615	-0.000155250054	0.000319542	-4.206	3.093877837343559e-05	0.39930836367238914
1027.6923076923076	-0.000140487052	0.000319036	-4.518	3.085501833705347e-05	0.39822732282891476
1033.8461538461538	-0.000144797962	0.000319513	-4.668	3.093397279812776e-05	0.3992463409774555
1040.0	-0.000151509049	0.000322254	-4.434	3.1390942334539416e-05	0.40514417429298616
1046.1538461538462	-0.000182848414	0.000324877	-4.116	3.183352572691086e-05	0.41085633422584755
1052.3076923076924	-0.000113856185	0.000324311	-4.098	3.173758138557062e-05	0.40961803782377976
1058.4615384615386	-6.617024e-05	0.000324132	-4.206	3.170728942394783e-05	0.40922707753821114
1064.6153846153848	-8.46782062e-05	0.000327023	-4.35	3.2199534758783914e-05	0.4155801945490473
1070.769230769231	-0.000159865159	0.000332506	-4.416	3.315104234883189e-05	0.4278607356298206
1076.923076923077	-0.000148049687	0.000339391	-4.416	3.438027967996662e-05	0.44372576886855597
1083.076923076923	-0.000154909988	0.000342788	-4.338	3.500141996192582e-05	0.4517424561018533
1089.2307692307693	-0.000137275456	0.00033641	-4.284	3.384324884687984e-05	0.43679463213739067
1095.3846153846155	-0.000158653829	0.000319304	-4.422	3.0899357860104604e-05	0.3987995866132782
1101.5384615384614	-0.000179423997	0.000297548	-4.536	2.746411300405311e-05	0.3544629296927292
1107.6923076923076	-0.000147217379	0.000281097	-4.77	2.5070103997121436e-05	0.3235648829878329
1113.8461538461538	-0.000153138344	0.000278475	-4.656	2.4703389601991447e-05	0.31883191896168395
1120.0	-9.75299404e-05	0.000283541	-4.392	2.541549324460943e-05	0.32802261604955213
1126.1538461538462	-0.000157978606	0.000289233	-4.212	2.6233546821363104e-05	0.33858074575936403
1132.3076923076924	-0.000119795806	0.000293346	-4.344	2.683686228512386e-05	0.34636737869311307
1138.4615384615386	-0.000115869525	0.000296028	-4.572	2.7235928298455265e-05	0.35151788576411774
1144.6153846153848	-0.000193554019	0.000299098	-4.782	2.7698322886201732e-05	0.3574857369822687
1150.769230769231	-0.000139728563	0.000300856	-5.058	2.796584091266842e-05	0.3609384326288751
1156.9230769230771	-8.75993236e-05	0.000303628	-5.058	2.8391770788618153e-05	0.3664356555557733
1163.076923076923	-0.000101286727	0.000304641	-4.77	2.854869248261999e-05	0.36846095028784887
1169.2307692307693	-0.000169333455	0.000304105	-4.512	2.8465576585824664e-05	0.36738822296992085
1175.3846153846155	-0.000161557449	0.000302793	-4.344	2.826293586929201e-05	0.3647728600762931
1181.5384615384614	-0.000163695727	0.000302525	-4.458	2.822168312083454e-05	0.36424043545096646
1187.6923076923076	-0.000112647744	0.00030327	-4.464	2.833647715830512e-05	0.3657220136409147
1193.8461538461538	-0.000140951169	0.000304909	-4.284	2.859032248977937e-05	0.36899824396628167
1200.0	-0.000158259628	0.000305803	-3.948	2.872954142002265e-05	0.3707950596826836
1206.1538461538462	-0.000146393443	0.000306608	-3.894	2.8855361768804797e-05	0.3724189478977408
1212.3076923076924	-0.000159720443	0.000306847	-4.062	2.8892801586613357e-05	0.37290216130083254
1218.4615384615386	-0.000146116398	0.000306936	-4.218	2.8906753516377516e-05	0.3730822305387628
1224.6153846153848	-0.000198255765	0.00030777	-4.128	2.9037755936196672e-05	0.3747730006546257
1230.769230769231	-0.000141895565	0.000309469	-4.05	2.9306102518723376e-05	0.37823638998023074
1236.9230769230771	-9.15599732e-05	0.000310304	-3.834	2.9438714838466427e-05	0.379947938114428
1243.076923076923	-8.80391399e-05	0.000309469	-3.948	2.9306102518723376e-05	0.37823638998023074
1249.2307692307693	-0.000102789766	0.000307502	-4.098	2.899560756080619e-05	0.374229016706537
1255.3846153846155	-0.000148617335	0.000307711	-4.188	2.9028472795025363e-05	0.3746531886870647
1261.5384615384614	-0.000111174519	0.000308456	-4.23	2.9145866877122534e-05	0.37616832410260176
1267.6923076923076	-0.000111314757	0.00030777	-4.29	2.9037755936196672e-05	0.3747730006546257
1273.8461538461538	-0.000163836503	0.000306876	-4.218	2.889734713026365e-05	0.3729608279222192
1280.0	-0.000176453908	0.000306966	-4.182	2.8911457626378562e-05	0.37314294368148554
1286.1538461538462	-0.000171076389	0.00030488	-4.176	2.8585815428440013e-05	0.3689400740131353
1292.3076923076924	-0.00012736289	0.000303747	-4.248	2.841016937512953e-05	0.3666731151407985
1298.4615384615386	-0.000104208366	0.000303419	-4.47	2.8359480089321454e-05	0.3660188987548948
1304.6153846153848	-9.25584336e-05	0.00030327	-4.326	2.833647715830512e-05	0.3657220136409147
1310.769230769231	-0.000104904391	0.000302615	-4.158	2.8235531363835934e-05	0.3644191664656782
1316.9230769230771	-0.00010834694	0.000302525	-4.23	2.822168312083454e-05	0.36424043545096646
1323.076923076923	-9.32403955e-05	0.000302376	-4.5	2.8198768338151745e-05	0.36394468801496455
1329.2307692307693	-0.000142133196	0.000304373	-4.38	2.8507110542368628e-05	0.3679242769803355
1335.3846153846155	-0.000189392322	0.000309976	-4.452	2.938656522602281e-05	0.37927487416343214
1341.5384615384614	-0.000176233722	0.000323029	-4.236	3.15211670825574e-05	0.4068249074626371
1347.6923076923076	-0.000160745904	0.000339391	-4.056	3.438027967996662e-05	0.44372576886855597
1353.8461538461538	-0.000111243184	0.000354977	-4.092	3.7314158733587285e-05	0.4815915963415583
1360.0	-0.000139922274	0.000369133	-4.254	4.017725814652181e-05	0.5185439131981242
1366.1538461538462	-0.000114094505	0.000378491	-4.32	4.218402992213558e-05	0.5444441198679614
1372.3076923076924	-7.72525414e-05	0.00038019	-4.482	4.255874313153282e-05	0.5492803198201648
1378.4615384615386	-5.93831576e-05	0.000375332	-4.464	4.149592135497098e-05	0.5355631129107065
1384.6153846153848	-0.00012515595	0.000365021	-4.584	3.932489385270147e-05	0.5075429555226135
1390.769230769231	-0.000162994146	0.000358852	-4.422	3.80782258192765e-05	0.49145295460334576
1396.9230769230771	-0.000142711064	0.000352683	-4.272	3.686854016450759e-05	0.47584026319279943
1403.076923076923	-0.000148023279	0.000346931	-4.362	3.577251219730632e-05	0.46169448378160943
1409.2307692307693	-0.000162760411	0.000342282	-4.434	3.490827060651052e-05	0.4505402329164686
1415.3846153846155	-0.000109209757	0.000339868	-4.146	3.446690492658811e-05	0.444843789272065
1421.5384615384614	-0.000136538389	0.000339391	-4.218	3.438027967996662e-05	0.44372576886855597
1427.6923076923078	-0.000132614892	0.000338854	-4.266	3.428298828418274e-05	0.44247008683803285
1433.8461538461538	-0.000176765996	0.000337871	-4.41	3.41055209796286e-05	0.4401796221619062
1440.0	-0.000155239522	0.000335636	-4.536	3.370502111285485e-05	0.43501060919952794
1446.1538461538462	-0.000116569578	0.00033349	-4.626	3.332434155461437e-05	0.43009740514053874
1452.3076923076924	-0.000129766482	0.00033203	-4.638	3.3067490977259364e-05	0.4267823878986169
1458.4615384615386	-0.000148046383	0.000329228	-4.686	3.257933068068998e-05	0.4204819940407807
1464.6153846153848	-0.000172438179	0.000326218	-4.512	3.206182254022538e-05	0.4138028250619083
1470.7692307692307	-0.000178764057	0.000325205	-4.65	3.1889238087309334e-05	0.4115753804402301
1476.923076923077	-7.03072152e-05	0.00032449	-4.416	3.1767897766055354e-05	0.41000931326903856
1483.076923076923	-0.000141350508	0.000323685	-4.35	3.163175056936962e-05	0.4082521425859892
1489.2307692307693	-0.000146071961	0.00032291	-4.476	3.1501141850844996e-05	0.40656645373797073
1495.3846153846155	-0.000134413599	0.000322821	-4.47	3.1486171985148036e-05	0.406373246607951
1501.5384615384617	-8.76708869e-05	0.000323357	-4.182	3.157641809332336e-05	0.4075379993124156
1507.6923076923078	-0.000125951692	0.000323476	-4.248	3.159648355962133e-05	0.4077969723208859
1513.8461538461538	-0.000120117985	0.000322701	-4.446	3.146599735729368e-05	0.40611286471636543
1520.0	-0.00011376901	0.000323536	-4.62	3.160660467047054e-05	0.4079275994633983
1526.1538461538462	-7.82437014e-05	0.00032592	-4.35	3.201097038218513e-05	0.4131465065812246
1532.3076923076924	-9.74770301e-05	0.000327142	-4.194	3.2219934827197386e-05	0.4158434860674992
1538.4615384615386	-0.000146771402	0.000326486	-4.302	3.2107613901980415e-05	0.4143938268626915
1544.6153846153848	-0.000137660179	0.000324847	-4.386	3.182843419517984e-05	0.4107906208618756
1550.769230769231	-0.000162421938	0.000324072	-4.5	3.169714115300668e-05	0.40909609985658774
1556.923076923077	-0.000131923885	0.000324728	-4.896	3.180824456564505e-05	0.41053004535254617
1563.076923076923	-7.70306852e-05	0.000325592	-4.908	3.195507797187388e-05	0.41242513656998153
1569.2307692307693	-8.15330799e-05	0.000326933	-4.59	3.218411343664324e-05	0.41538116073991205
1575.3846153846155	-8.20731378e-05	0.00032589	-4.236	3.200585483034273e-05	0.4130804832039983
1581.5384615384617	-0.000128126551	0.000325294	-4.254	3.190436938091079e-05	0.41177067102395376
1587.6923076923078	-7.14042346e-05	0.000324937	-4.308	3.18437108561017e-05	0.41098778761492116
1593.8461538461538	-8.7654552e-05	0.000324549	-4.332	3.177789567186765e-05	0.41013835027760664
1600.0	-8.22088556e-05	0.000324847	-4.398	3.182843419517984e-05	0.4107906208618756
1606.1538461538462	-0.000119875835	0.000328036	-4.26	3.2373544877779957e-05	0.4178260393926953
1612.3076923076924	-0.000104561488	0.000330927	-3.864	3.287458198221715e-05	0.4242926265312408
1618.4615384615386	-9.90628749e-05	0.000330003	-3.804	3.271372602727379e-05	0.42221655463919283
1624.6153846153848	-8.04580296e-05	0.000328364	-3.996	3.243005936744128e-05	0.4185554382111638
1630.769230769231	-0.000155298074	0.000325115	-4.182	3.187394295518617e-05	0.4113779752904037
1636.923076923077	-0.000128060684	0.00031683	-4.26	3.0492043210438214e-05	0.39354261931175966
1643.076923076923	-9.00586469e-05	0.000305327	-4.308	2.865534902211608e-05	0.3698375026438304
1649.2307692307693	-0.000166995365	0.000296773	-4.29	2.7347585122497303e-05	0.35295897381106417
1655.3846153846155	-0.000209325273	0.000294181	-4.254	2.6960621725354657e-05	0.34796466799041775
1661.5384615384617	-0.000180888357	0.000296624	-4.272	2.7325225557836792e-05	0.35267039224299934
1667.6923076923078	-9.8000261e-05	0.000301125	-4.728	2.8006952622579472e-05	0.3614690369537844
1673.8461538461538	-9.95962334e-05	0.000305297	-4.92	2.865067813763461e-05	0.3697772183230765
1680.0	-9.26058052e-05	0.000308217	-4.638	2.910816483251848e-05	0.37568172629462643
1686.1538461538462	-0.000110396899	0.000308843	-4.404	2.920699891908605e-05	0.37695731891518824
1692.3076923076924	-0.00010481888	0.000310125	-4.248	2.941024589218724e-05	0.3795805064008352
1698.4615384615386	-9.51495851e-05	0.000311049	-4.218	2.9557442194319757e-05	0.38148028129930467
1704.6153846153848	-8.54323957e-05	0.000309261	-4.554	2.927314356128995e-05	0.3778110083700638
1710.769230769231	-0.000155522842	0.000308605	-4.602	2.9169391325169997e-05	0.37647194012592194
1716.923076923077	-0.000194093123	0.000312181	-4.536	2.9738585931606127e-05	0.38381819550044927
1723.076923076923	-0.000183447312	0.000313999	-4.158	3.0031391905333687e-05	0.3875972676031488
1729.2307692307693	-0.000100341282	0.000313403	-4.128	2.9935142810900516e-05	0.3863550379346348
1735.3846153846155	-0.000118806474	0.00031233	-4.326	2.9762495997589362e-05	0.38412678846452253
1741.5384615384617	-0.000107841328	0.000311913	-4.314	2.9695619176088815e-05	0.38326364920806366
1747.6923076923078	-0.000119034478	0.000311406	-4.146	2.9614472841063126e-05	0.38221634184944664
1753.8461538461538	-0.000137263696	0.000313165	-4.368	2.9896778153585645e-05	0.38585988817951694
1760.0	-0.000149647387	0.000316473	-4.386	3.0433635440316466e-05	0.39278878505135156
1766.1538461538462	-0.000165658922	0.000317605	-4.068	3.0619157051458494e-05	0.39518320185982503
1772.3076923076924	-0.000155089695	0.000314893	-4.038	3.0176239684291583e-05	0.38946673151342776
1778.4615384615386	-0.000107557982	0.000325056	-4.668	3.1863919514704805e-05	0.4112486087210883
1784.6153846153848	-4.5696336e-05	0.000347467	-4.77	3.587338053712282e-05	0.46299633129583
1790.769230769231	-8.41528207e-05	0.000363888	-4.692	3.9093081380412134e-05	0.5045510901725523
1796.923076923077	-9.24801616e-05	0.000372471	-4.416	4.088219548087415e-05	0.5276421190184775
1803.076923076923	-8.54700471e-05	0.00037721	-4.044	4.1903657442124235e-05	0.5408255194545648
1809.2307692307693	-0.000123813374	0.00037718	-3.816	4.1897113334333104e-05	0.5407410585575562
1815.3846153846155	-9.61051831e-05	0.000372918	-4.032	4.0977498437810344e-05	0.5288721374544997
1821.5384615384617	-0.000108566578	0.000370832	-4.368	4.0534583908731894e-05	0.5231557037376178
1827.6923076923078	-5.76317565e-05	0.000371667	-4.404	4.071131833982665e-05	0.5254367096530166
1833.846153846154	-4.66508832e-05	0.0003711	-4.416	4.059122733946758e-05	0.5238867667216456
1840.0	-8.77784057e-05	0.000368567	-4.548	4.0058893673590386e-05	0.5170162535267335
1846.1538461538462	-8.40734085e-05	0.000366243	-4.398	3.9576379179543404e-05	0.5107887266754619
1852.3076923076924	-8.78634162e-05	0.000363829	-4.362	3.9081045494768645e-05	0.5043957501735504
1858.4615384615386	-4.8543608e-05	0.000359537	-4.65	3.821479883641355e-05	0.4932156210970436
1864.6153846153848	-6.13547504e-05	0.000355544	-5.028	3.742506362550669e-05	0.483022979648975
1870.769230769231	-0.000113054344	0.000349315	-4.902	3.6223127886311386e-05	0.4675103117774625
1876.923076923077	-0.000140978785	0.000333341	-4.566	3.329804976764476e-05	0.42975807272391453
1883.076923076923	-0.000169238299	0.000311108	-4.512	2.9566861287794043e-05	0.38160184792217183
1889.2307692307693	-0.000177420892	0.000292541	-4.59	2.6717960324178765e-05	0.344832781984434
1895.3846153846155	-0.000201549677	0.000286283	-4.464	2.580716282203475e-05	0.3330776617328118
1901.5384615384617	-0.000153949285	0.000297429	-4.368	2.744619542395873e-05	0.35423167817070406
1907.6923076923078	-7.63486749e-05	0.000321241	-4.722	3.122140631411791e-05	0.4029560739717348
1913.846153846154	-9.79979108e-05	0.000347884	-4.578	3.595203236074911e-05	0.46401144348329204
1920.0	-4.30173993e-05	0.000365051	-4.368	3.933104956008937e-05	0.5076224035672209
1926.1538461538462	-0.000122267476	0.000371667	-4.38	4.071131833982665e-05	0.5254367096530166
1932.3076923076924	-0.000155392634	0.000374826	-4.458	4.138672786931899e-05	0.5341538177034717
1938.4615384615386	-0.000121943679	0.000379058	-4.482	4.230871795625549e-05	0.5460533939728723
1944.6153846153848	-0.000119688224	0.000381084	-4.62	4.2757233535898794e-05	0.5518421171094883
1950.769230769231	-0.000101719731	0.000381948	-4.65	4.2949935397757506e-05	0.5543292051323785
1956.923076923077	-0.000150712785	0.00038168	-4.53	4.289007006075464e-05	0.5535565589253829
1963.076923076923	-0.000135567408	0.000381054	-4.158	4.2750557934291916e-05	0.5517559591002096
1969.2307692307693	-5.3345061e-05	0.00038016	-4.134	4.255209822417497e-05	0.5491945579632553
1975.3846153846155	-9.28236565e-05	0.000380607	-4.512	4.265121375656854e-05	0.5504737830372671
1981.5384615384617	-8.35401153e-05	0.000381203	-4.47	4.2783723607072414e-05	0.5521840086620968
1987.6923076923078	-7.57038426e-05	0.000381412	-4.428	4.283028759897197e-05	0.552784982339436
1993.846153846154	-5.62323212e-05	0.000379415	-4.482	4.238741163108982e-05	0.5470690463089207
2000.0	-4.22554484e-05	0.000378819	-4.518	4.2256115632559534e-05	0.5453744871476942
